4 0.505859 0.239583 0.005469 0.020833
4 0.441406 0.256250 0.007812 0.026389
4 0.501563 0.239583 0.006250 0.020833
4 0.368750 0.234028 0.007812 0.029167
0 0.537500 0.245833 0.018750 0.013889
0 0.301172 0.259722 0.011719 0.013889
4 0.062109 0.023611 0.021094 0.047222
4 0.009766 0.104167 0.019531 0.072222
4 0.991406 0.126389 0.015625 0.075000
4 0.053906 0.104861 0.039062 0.079167
4 0.942188 0.136806 0.015625 0.059722
3 0.887109 0.425000 0.071094 0.330556
3 0.980859 0.435417 0.036719 0.379167
1 0.481641 0.304167 0.019531 0.019444
1 0.475391 0.318056 0.013281 0.027778
1 0.469922 0.325694 0.014844 0.051389
1 0.446484 0.325694 0.039844 0.079167
1 0.546484 0.315972 0.019531 0.037500
1 0.516797 0.306944 0.036719 0.033333
1 0.105078 0.356944 0.082031 0.086111
4 0.570312 0.305556 0.034375 0.138889
1 0.403125 0.343056 0.076563 0.111111
1 0.505078 0.375694 0.080469 0.123611
1 0.255078 0.400694 0.230469 0.268056
1 0.024219 0.364583 0.048438 0.115278
4 0.644922 0.297917 0.149219 0.276389
0 0.162500 0.159028 0.040625 0.084722

5 0.8656250238418579 0.265625 0.8656250238418579 0.2718749940395355 0.864062488079071 0.2734375 0.864062488079071 0.2906250059604645 0.8656250238418579 0.29218751192092896 0.8656250238418579 0.3109374940395355 0.8671875 0.3125 0.8671875 0.32343751192092896 0.8656250238418579 0.32499998807907104 0.8656250238418579 0.3265624940395355 0.862500011920929 0.3296875059604645 0.8609374761581421 0.3296875059604645 0.856249988079071 0.3343749940395355 0.854687511920929 0.3343749940395355 0.8500000238418579 0.33906251192092896 0.848437488079071 0.33906251192092896 0.846875011920929 0.34062498807907104 0.840624988079071 0.34062498807907104 0.840624988079071 0.4000000059604645 0.846875011920929 0.4000000059604645 0.848437488079071 0.40156251192092896 0.8500000238418579 0.40156251192092896 0.8531249761581421 0.4046874940395355 0.8531249761581421 0.40625 0.854687511920929 0.4078125059604645 0.854687511920929 0.4375 0.856249988079071 0.4390625059604645 0.856249988079071 0.44218748807907104 0.8578125238418579 0.4437499940395355 0.8578125238418579 0.4468750059604645 0.859375 0.44843751192092896 0.859375 0.46562498807907104 0.8609374761581421 0.4671874940395355 0.8609374761581421 0.47187501192092896 0.862500011920929 0.47343748807907104 0.862500011920929 0.4859375059604645 0.864062488079071 0.48750001192092896 0.864062488079071 0.5015624761581421 0.8656250238418579 0.503125011920929 0.8656250238418579 0.512499988079071 0.8671875 0.5140625238418579 0.8671875 0.546875 0.8687499761581421 0.5484374761581421 0.8687499761581421 0.565625011920929 0.8671875 0.567187488079071 0.8671875 0.5718749761581421 0.8656250238418579 0.573437511920929 0.8656250238418579 0.574999988079071 0.864062488079071 0.5765625238418579 0.864062488079071 0.578125 0.8656250238418579 0.5796874761581421 0.8656250238418579 0.589062511920929 0.885937511920929 0.589062511920929 0.885937511920929 0.582812488079071 0.887499988079071 0.581250011920929 0.887499988079071 0.573437511920929 0.8890625238418579 0.5718749761581421 0.8890625238418579 0.5625 0.890625 0.5609375238418579 0.890625 0.484375 0.8921874761581421 0.4828124940395355 0.8921874761581421 0.47343748807907104 0.893750011920929 0.47187501192092896 0.893750011920929 0.46562498807907104 0.895312488079071 0.46406251192092896 0.895312488079071 0.4593749940395355 0.8968750238418579 0.45781248807907104 0.8968750238418579 0.453125 0.8984375 0.4515624940395355 0.8984375 0.44843751192092896 0.8999999761581421 0.4468750059604645 0.8999999761581421 0.44218748807907104 0.901562511920929 0.44062501192092896 0.901562511920929 0.4390625059604645 0.903124988079071 0.4375 0.903124988079071 0.4359374940395355 0.9046875238418579 0.43437498807907104 0.9046875238418579 0.43281251192092896 0.90625 0.4312500059604645 0.90625 0.4281249940395355 0.9078124761581421 0.42656248807907104 0.9078124761581421 0.42500001192092896 0.909375011920929 0.4234375059604645 0.910937488079071 0.4234375059604645 0.910937488079071 0.421875 0.9140625 0.41874998807907104 0.9140625 0.4156250059604645 0.9156249761581421 0.4140625 0.9156249761581421 0.4124999940395355 0.917187511920929 0.41093748807907104 0.917187511920929 0.40625 0.918749988079071 0.4046874940395355 0.918749988079071 0.3890624940395355 0.917187511920929 0.38749998807907104 0.917187511920929 0.37187498807907104 0.9156249761581421 0.37031251192092896 0.9156249761581421 0.3609375059604645 0.9140625 0.359375 0.9140625 0.35624998807907104 0.9125000238418579 0.35468751192092896 0.9125000238418579 0.3499999940395355 0.910937488079071 0.34843748807907104 0.910937488079071 0.3453125059604645 0.909375011920929 0.34375 0.909375011920929 0.34062498807907104 0.9078124761581421 0.33906251192092896 0.9078124761581421 0.3359375 0.90625 0.3343749940395355 0.90625 0.33281248807907104 0.9046875238418579 0.33125001192092896 0.9046875238418579 0.3296875059604645 0.903124988079071 0.328125 0.903124988079071 0.3265624940395355 0.8984375 0.3218750059604645 0.8984375 0.3203125 0.890625 0.3125 0.890625 0.3109374940395355 0.8890625238418579 0.30937498807907104 0.8890625238418579 0.2953124940395355 0.887499988079071 0.29374998807907104 0.887499988079071 0.2718749940395355 0.885937511920929 0.27031248807907104 0.885937511920929 0.265625
5 0.9937499761581421 0.24687500298023224 0.9937499761581421 0.25312501192092896 0.9921875 0.25468748807907104 0.9921875 0.2593750059604645 0.9906250238418579 0.26093751192092896 0.9906250238418579 0.2640624940395355 0.989062488079071 0.265625 0.989062488079071 0.29218751192092896 0.987500011920929 0.29374998807907104 0.987500011920929 0.2984375059604645 0.9859374761581421 0.30000001192092896 0.9859374761581421 0.3031249940395355 0.984375 0.3046875 0.984375 0.30937498807907104 0.9828125238418579 0.3109374940395355 0.9828125238418579 0.31562501192092896 0.981249988079071 0.31718748807907104 0.981249988079071 0.3218750059604645 0.979687511920929 0.32343751192092896 0.979687511920929 0.33281248807907104 0.9781249761581421 0.3343749940395355 0.9781249761581421 0.3453125059604645 0.9765625 0.34687501192092896 0.9765625 0.35468751192092896 0.9781249761581421 0.35624998807907104 0.9781249761581421 0.3765625059604645 0.979687511920929 0.37812501192092896 0.979687511920929 0.3890624940395355 0.9781249761581421 0.390625 0.9781249761581421 0.3984375 0.9765625 0.4000000059604645 0.9765625 0.43437498807907104 0.9750000238418579 0.4359374940395355 0.9750000238418579 0.4468750059604645 0.973437488079071 0.44843751192092896 0.973437488079071 0.46562498807907104 0.971875011920929 0.4671874940395355 0.971875011920929 0.46875 0.9703124761581421 0.4703125059604645 0.965624988079071 0.4703125059604645 0.965624988079071 0.518750011920929 0.9703124761581421 0.518750011920929 0.973437488079071 0.5218750238418579 0.973437488079071 0.53125 0.9750000238418579 0.5328124761581421 0.9750000238418579 0.535937488079071 0.9765625 0.5375000238418579 0.9765625 0.5406249761581421 0.979687511920929 0.543749988079071 0.979687511920929 0.5453125238418579 0.981249988079071 0.546875 0.981249988079071 0.5484374761581421 0.9828125238418579 0.550000011920929 0.9828125238418579 0.551562488079071 0.984375 0.5531250238418579 0.984375 0.5546875 0.9859374761581421 0.5562499761581421 0.9859374761581421 0.559374988079071 0.987500011920929 0.5609375238418579 0.987500011920929 0.565625011920929 0.989062488079071 0.567187488079071 0.989062488079071 0.582812488079071 0.987500011920929 0.5843750238418579 0.987500011920929 0.59375 0.9859374761581421 0.5953124761581421 0.9859374761581421 0.598437488079071 0.984375 0.6000000238418579 0.984375 0.6031249761581421 0.979687511920929 0.6078125238418579 0.979687511920929 0.609375 0.9781249761581421 0.6109374761581421 0.9781249761581421 0.6156250238418579 0.979687511920929 0.6171875 0.979687511920929 0.6187499761581421 0.981249988079071 0.620312511920929 0.981249988079071 0.6265624761581421 0.9984375238418579 0.6265624761581421 0.9984375238418579 0.24687500298023224