4 0.438281 0.363194 0.004688 0.023611
4 0.494531 0.381944 0.006250 0.019444
4 0.441797 0.363889 0.007031 0.030556
4 0.384766 0.429167 0.008594 0.016667
0 0.390625 0.409722 0.012500 0.013889
1 0.416797 0.472222 0.042969 0.061111
1 0.382812 0.462500 0.028125 0.050000
1 0.551563 0.500694 0.012500 0.051389
1 0.567188 0.497222 0.025000 0.072222
1 0.578125 0.504167 0.035938 0.066667
1 0.604688 0.511806 0.054688 0.104167
1 0.657422 0.533333 0.114844 0.125000
1 0.974219 0.790972 0.048438 0.151389
1 0.806250 0.861806 0.009375 0.006944
1 0.857031 0.632639 0.282813 0.406944
1 0.222656 0.477778 0.071875 0.111111
1 0.096094 0.465278 0.192188 0.227778
4 0.344141 0.446528 0.067969 0.112500
1 0.318750 0.484028 0.117188 0.145833
1 0.524219 0.487500 0.054688 0.125000
1 0.475781 0.521528 0.112500 0.170833
