0 0.444141 0.120139 0.089844 0.098611
0 0.535938 0.131944 0.031250 0.050000
0 0.493359 0.370833 0.013281 0.013889
0 0.338281 0.364583 0.006250 0.026389
4 0.548828 0.377778 0.033594 0.080556
1 0.429297 0.375694 0.013281 0.018056
1 0.439844 0.377778 0.010938 0.013889
1 0.514844 0.390972 0.017188 0.018056
1 0.476172 0.382639 0.010156 0.015278
1 0.486719 0.384028 0.010938 0.018056
1 0.502344 0.390278 0.010938 0.019444
1 0.414844 0.375000 0.015625 0.022222
1 0.397266 0.375694 0.019531 0.020833
1 0.370313 0.375000 0.028125 0.022222
1 0.457031 0.385417 0.028125 0.037500
1 0.533984 0.399306 0.035156 0.048611
1 0.609766 0.420139 0.100781 0.112500
4 0.728516 0.420833 0.121094 0.133333
4 0.967188 0.456250 0.060938 0.151389
