0 0.384766 0.270139 0.028906 0.131944
4 0.112500 0.429861 0.020313 0.073611
4 0.110156 0.506944 0.014063 0.025000
4 0.345313 0.423611 0.018750 0.077778
4 0.341797 0.499306 0.010156 0.031944
1 0.620313 0.597222 0.142187 0.080556
1 0.753906 0.593750 0.101562 0.068056
1 0.869141 0.588194 0.105469 0.062500
1 0.961719 0.577083 0.073438 0.081944
1 0.920703 0.565278 0.033594 0.025000
1 0.007812 0.609722 0.012500 0.061111
4 0.013672 0.565972 0.025781 0.095833

5 0.0 0.5718749761581421 0.0 0.651562511920929 0.01406249962747097 0.651562511920929 0.01406249962747097 0.589062511920929 0.00937500037252903 0.589062511920929 0.0062500000931322575 0.5859375 0.0062500000931322575 0.5843750238418579 0.004687500186264515 0.582812488079071 0.004687500186264515 0.581250011920929 0.0031250000465661287 0.5796874761581421 0.0031250000465661287 0.5718749761581421