3 0.585938 0.652083 0.043750 0.226389
3 0.789844 0.645833 0.032813 0.177778
3 0.877344 0.650694 0.050000 0.229167
3 0.517188 0.650000 0.035938 0.172222
3 0.815234 0.632639 0.032031 0.179167
3 0.623438 0.656944 0.015625 0.183333
3 0.436328 0.612500 0.014844 0.038889
4 0.459766 0.660417 0.074219 0.098611
4 0.943359 0.789583 0.110156 0.331944
1 0.178125 0.619444 0.018750 0.058333
1 0.311328 0.645833 0.025781 0.077778
1 0.125781 0.650000 0.079688 0.097222
1 0.234375 0.677778 0.146875 0.233333

5 0.862500011920929 0.5406249761581421 0.862500011920929 0.5546875 0.8609374761581421 0.5562499761581421 0.8609374761581421 0.5703125 0.859375 0.5718749761581421 0.859375 0.573437511920929 0.8578125238418579 0.574999988079071 0.8578125238418579 0.5765625238418579 0.856249988079071 0.578125 0.856249988079071 0.581250011920929 0.854687511920929 0.582812488079071 0.854687511920929 0.5921875238418579 0.8531249761581421 0.59375 0.8531249761581421 0.5953124761581421 0.8515625 0.596875011920929 0.846875011920929 0.596875011920929 0.846875011920929 0.6499999761581421 0.8515625 0.6499999761581421 0.8531249761581421 0.651562511920929 0.854687511920929 0.651562511920929 0.859375 0.65625 0.859375 0.6578124761581421 0.8609374761581421 0.659375011920929 0.8609374761581421 0.668749988079071 0.862500011920929 0.6703125238418579 0.862500011920929 0.706250011920929 0.8609374761581421 0.707812488079071 0.8609374761581421 0.7203124761581421 0.8843749761581421 0.7203124761581421 0.8843749761581421 0.7093750238418579 0.8828125 0.707812488079071 0.8828125 0.6968749761581421 0.8843749761581421 0.6953125 0.8843749761581421 0.6859375238418579 0.885937511920929 0.684374988079071 0.885937511920929 0.6796875 0.887499988079071 0.6781250238418579 0.887499988079071 0.6343749761581421 0.890625 0.6312500238418579 0.8921874761581421 0.6312500238418579 0.895312488079071 0.6343749761581421 0.901562511920929 0.6343749761581421 0.901562511920929 0.6109374761581421 0.8968750238418579 0.6109374761581421 0.895312488079071 0.609375 0.895312488079071 0.606249988079071 0.893750011920929 0.604687511920929 0.893750011920929 0.6000000238418579 0.8921874761581421 0.598437488079071 0.8921874761581421 0.59375 0.890625 0.5921875238418579 0.890625 0.589062511920929 0.8890625238418579 0.5874999761581421 0.8890625238418579 0.5843750238418579 0.887499988079071 0.582812488079071 0.887499988079071 0.5796874761581421 0.885937511920929 0.578125 0.885937511920929 0.573437511920929 0.8843749761581421 0.5718749761581421 0.8843749761581421 0.5687500238418579 0.8828125 0.567187488079071 0.8828125 0.559374988079071 0.8812500238418579 0.557812511920929 0.8812500238418579 0.5406249761581421
5 0.7890625 0.559374988079071 0.7890625 0.565625011920929 0.7875000238418579 0.567187488079071 0.7875000238418579 0.573437511920929 0.785937488079071 0.574999988079071 0.785937488079071 0.578125 0.784375011920929 0.5796874761581421 0.784375011920929 0.581250011920929 0.7828124761581421 0.582812488079071 0.7828124761581421 0.5843750238418579 0.78125 0.5859375 0.78125 0.589062511920929 0.7796875238418579 0.590624988079071 0.7796875238418579 0.5921875238418579 0.778124988079071 0.59375 0.7718750238418579 0.59375 0.7718750238418579 0.676562488079071 0.776562511920929 0.676562488079071 0.7796875238418579 0.6796875 0.7796875238418579 0.6968749761581421 0.776562511920929 0.699999988079071 0.7718750238418579 0.699999988079071 0.7718750238418579 0.723437488079071 0.778124988079071 0.723437488079071 0.7796875238418579 0.7250000238418579 0.78125 0.7250000238418579 0.7828124761581421 0.7265625 0.784375011920929 0.7265625 0.785937488079071 0.7250000238418579 0.7875000238418579 0.7250000238418579 0.7890625 0.723437488079071 0.7906249761581421 0.723437488079071 0.792187511920929 0.7250000238418579 0.792187511920929 0.7328125238418579 0.801562488079071 0.7328125238418579 0.801562488079071 0.7281249761581421 0.8031250238418579 0.7265625 0.8031250238418579 0.723437488079071 0.8046875 0.721875011920929 0.8046875 0.699999988079071 0.8031250238418579 0.698437511920929 0.8031250238418579 0.6937500238418579 0.8046875 0.692187488079071 0.8046875 0.676562488079071 0.8062499761581421 0.675000011920929 0.8062499761581421 0.667187511920929 0.807812511920929 0.6656249761581421 0.807812511920929 0.6625000238418579 0.809374988079071 0.660937488079071 0.8140624761581421 0.660937488079071 0.8140624761581421 0.645312488079071 0.809374988079071 0.645312488079071 0.807812511920929 0.643750011920929 0.807812511920929 0.637499988079071 0.8062499761581421 0.635937511920929 0.8062499761581421 0.6156250238418579 0.807812511920929 0.614062488079071 0.807812511920929 0.596875011920929 0.8062499761581421 0.5953124761581421 0.8062499761581421 0.5921875238418579 0.8046875 0.590624988079071 0.8046875 0.5718749761581421 0.8031250238418579 0.5703125 0.8031250238418579 0.559374988079071