1 0.625000 0.455556 0.032813 0.041667
1 0.657031 0.450694 0.025000 0.045833
1 0.585547 0.465972 0.027344 0.029167
1 0.592969 0.492361 0.025000 0.037500
1 0.681250 0.438889 0.018750 0.038889
1 0.696094 0.447222 0.028125 0.058333
1 0.715234 0.461806 0.033594 0.068056
1 0.740625 0.471528 0.042188 0.076389
1 0.471484 0.534722 0.041406 0.097222
1 0.625000 0.483333 0.037500 0.041667
1 0.804688 0.478472 0.109375 0.109722
1 0.528906 0.501389 0.092188 0.144444
1 0.421094 0.554861 0.085938 0.115278
1 0.179688 0.667361 0.279688 0.256944
1 0.954297 0.568056 0.088281 0.233333
4 0.576562 0.379861 0.015625 0.026389
0 0.883594 0.223611 0.051563 0.100000
