4 0.548438 0.256944 0.015625 0.058333
4 0.739453 0.377778 0.013281 0.058333
4 0.865625 0.354861 0.017188 0.048611
4 0.839063 0.354861 0.017188 0.062500
0 0.614063 0.279861 0.042188 0.015278
0 0.252734 0.237500 0.078906 0.208333
0 0.425000 0.438194 0.021875 0.056944
3 0.832813 0.500000 0.018750 0.072222
3 0.811719 0.501389 0.018750 0.088889
3 0.750000 0.495833 0.023438 0.086111
1 0.198828 0.513889 0.086719 0.086111
1 0.331250 0.501389 0.025000 0.052778
1 0.297656 0.502778 0.053125 0.072222
1 0.417188 0.503472 0.035938 0.037500
1 0.529687 0.500694 0.015625 0.037500
1 0.546875 0.498611 0.015625 0.027778
1 0.564063 0.490278 0.020313 0.041667
1 0.577344 0.500000 0.026563 0.036111
1 0.905469 0.500694 0.100000 0.068056
1 0.625000 0.501389 0.042188 0.047222
1 0.484766 0.499306 0.078906 0.126389
1 0.079688 0.468750 0.159375 0.256944
1 0.977344 0.490278 0.043750 0.063889
1 0.364844 0.502083 0.060938 0.081944
0 0.728516 0.206944 0.019531 0.069444

5 0.7406250238418579 0.453125 0.7406250238418579 0.5328124761581421 0.7640625238418579 0.5328124761581421 0.7640625238418579 0.46406251192092896 0.7593749761581421 0.46406251192092896 0.7578125 0.4625000059604645 0.7578125 0.4609375 0.7562500238418579 0.4593749940395355 0.7562500238418579 0.453125
5 0.823437511920929 0.46562498807907104 0.823437511920929 0.4749999940395355 0.8218749761581421 0.4765625 0.8218749761581421 0.47968751192092896 0.8203125 0.48124998807907104 0.815625011920929 0.48124998807907104 0.815625011920929 0.5218750238418579 0.8203125 0.5218750238418579 0.8218749761581421 0.5234375 0.8218749761581421 0.5249999761581421 0.823437511920929 0.526562511920929 0.823437511920929 0.528124988079071 0.828125 0.5328124761581421 0.828125 0.5390625 0.8374999761581421 0.5390625 0.8374999761581421 0.53125 0.840624988079071 0.528124988079071 0.8453124761581421 0.528124988079071 0.8453124761581421 0.4859375059604645 0.840624988079071 0.4859375059604645 0.8374999761581421 0.4828124940395355 0.8374999761581421 0.4765625 0.8359375 0.4749999940395355 0.8359375 0.46562498807907104
5 0.8046875 0.4593749940395355 0.8046875 0.4671874940395355 0.801562488079071 0.4703125059604645 0.796875 0.4703125059604645 0.796875 0.5234375 0.801562488079071 0.5234375 0.8031250238418579 0.5249999761581421 0.8031250238418579 0.526562511920929 0.8046875 0.528124988079071 0.8046875 0.5296875238418579 0.8062499761581421 0.53125 0.8062499761581421 0.5453125238418579 0.815625011920929 0.5453125238418579 0.815625011920929 0.5390625 0.817187488079071 0.5375000238418579 0.817187488079071 0.53125 0.8187500238418579 0.5296875238418579 0.8187500238418579 0.503125011920929 0.8203125 0.5015624761581421 0.8203125 0.4984374940395355 0.8218749761581421 0.49687498807907104 0.8265625238418579 0.49687498807907104 0.8265625238418579 0.4765625 0.8218749761581421 0.4765625 0.8187500238418579 0.47343748807907104 0.8187500238418579 0.47187501192092896 0.817187488079071 0.4703125059604645 0.817187488079071 0.46875 0.815625011920929 0.4671874940395355 0.815625011920929 0.4593749940395355