4 0.082422 0.279167 0.036719 0.047222
4 0.128906 0.284722 0.014063 0.044444
4 0.197266 0.354167 0.019531 0.022222
0 0.380859 0.273611 0.021094 0.016667
0 0.453125 0.282639 0.062500 0.029167
4 0.368750 0.321528 0.010938 0.056944
0 0.593359 0.375000 0.007031 0.019444
0 0.440234 0.348611 0.007031 0.022222
3 0.240234 0.438889 0.036719 0.100000
3 0.322266 0.488889 0.028906 0.169444
3 0.350781 0.445139 0.015625 0.070833
3 0.380469 0.497222 0.028125 0.183333
3 0.409375 0.435417 0.007812 0.037500
1 0.434375 0.451389 0.014063 0.047222
3 0.644141 0.455556 0.013281 0.055556
3 0.658984 0.506944 0.042969 0.172222
3 0.285938 0.526389 0.048438 0.341667
3 0.335547 0.534722 0.036719 0.225000
3 0.396094 0.514583 0.064063 0.223611
3 0.506641 0.498611 0.041406 0.175000
3 0.477344 0.483333 0.028125 0.177778
3 0.457813 0.440278 0.015625 0.075000
3 0.445703 0.442361 0.014844 0.068056
1 0.522266 0.434028 0.014844 0.037500
1 0.537500 0.429167 0.012500 0.033333
1 0.564063 0.432639 0.046875 0.087500
1 0.582031 0.461806 0.028125 0.056944
3 0.592187 0.490972 0.053125 0.181944
1 0.624219 0.464583 0.034375 0.068056
1 0.146094 0.596528 0.292187 0.615278
4 0.835938 0.427083 0.323438 0.854167

5 0.4781250059604645 0.3968749940395355 0.4781250059604645 0.4046874940395355 0.4765625 0.40625 0.4765625 0.4124999940395355 0.4749999940395355 0.4140625 0.4749999940395355 0.41874998807907104 0.47343748807907104 0.4203124940395355 0.47343748807907104 0.4234375059604645 0.47187501192092896 0.42500001192092896 0.47187501192092896 0.4281249940395355 0.4703125059604645 0.4296875 0.4703125059604645 0.43437498807907104 0.46875 0.4359374940395355 0.46875 0.44843751192092896 0.4671874940395355 0.44999998807907104 0.4671874940395355 0.45625001192092896 0.46406251192092896 0.4593749940395355 0.4593749940395355 0.4593749940395355 0.4593749940395355 0.520312488079071 0.46406251192092896 0.520312488079071 0.4671874940395355 0.5234375 0.4671874940395355 0.526562511920929 0.46875 0.528124988079071 0.46875 0.5328124761581421 0.4703125059604645 0.534375011920929 0.4703125059604645 0.543749988079071 0.47187501192092896 0.5453125238418579 0.47187501192092896 0.5484374761581421 0.4703125059604645 0.550000011920929 0.4703125059604645 0.5546875 0.46875 0.5562499761581421 0.46875 0.557812511920929 0.4671874940395355 0.559374988079071 0.4671874940395355 0.5609375238418579 0.46562498807907104 0.5625 0.4593749940395355 0.5625 0.4593749940395355 0.5718749761581421 0.4765625 0.5718749761581421 0.4781250059604645 0.5703125 0.48124998807907104 0.5703125 0.4828124940395355 0.5718749761581421 0.48750001192092896 0.5718749761581421 0.4906249940395355 0.574999988079071 0.4906249940395355 0.589062511920929 0.518750011920929 0.589062511920929 0.518750011920929 0.582812488079071 0.520312488079071 0.581250011920929 0.520312488079071 0.5796874761581421 0.5218750238418579 0.578125 0.526562511920929 0.578125 0.526562511920929 0.5546875 0.5218750238418579 0.5546875 0.520312488079071 0.5531250238418579 0.520312488079071 0.5484374761581421 0.518750011920929 0.546875 0.518750011920929 0.518750011920929 0.520312488079071 0.5171874761581421 0.520312488079071 0.515625 0.5218750238418579 0.5140625238418579 0.526562511920929 0.5140625238418579 0.526562511920929 0.44218748807907104 0.5218750238418579 0.44218748807907104 0.520312488079071 0.44062501192092896 0.520312488079071 0.4390625059604645 0.518750011920929 0.4375 0.518750011920929 0.43437498807907104 0.5171874761581421 0.43281251192092896 0.5171874761581421 0.4312500059604645 0.515625 0.4296875 0.515625 0.42656248807907104 0.5140625238418579 0.42500001192092896 0.5140625238418579 0.4234375059604645 0.512499988079071 0.421875 0.512499988079071 0.4203124940395355 0.510937511920929 0.41874998807907104 0.510937511920929 0.41718751192092896 0.5093749761581421 0.4156250059604645 0.5093749761581421 0.4140625 0.5078125 0.4124999940395355 0.5078125 0.41093748807907104 0.5062500238418579 0.40937501192092896 0.5062500238418579 0.4078125059604645 0.504687488079071 0.40625 0.504687488079071 0.4046874940395355 0.503125011920929 0.40312498807907104 0.503125011920929 0.3968749940395355
5 0.6000000238418579 0.421875 0.6000000238418579 0.4281249940395355 0.598437488079071 0.4296875 0.598437488079071 0.4312500059604645 0.596875011920929 0.43281251192092896 0.596875011920929 0.4359374940395355 0.5953124761581421 0.4375 0.5953124761581421 0.44218748807907104 0.59375 0.4437499940395355 0.59375 0.4515624940395355 0.5921875238418579 0.453125 0.5921875238418579 0.4593749940395355 0.590624988079071 0.4609375 0.590624988079071 0.4749999940395355 0.589062511920929 0.4765625 0.589062511920929 0.4828124940395355 0.5874999761581421 0.484375 0.5874999761581421 0.4921875 0.589062511920929 0.4937500059604645 0.589062511920929 0.5015624761581421 0.5874999761581421 0.503125011920929 0.5874999761581421 0.510937511920929 0.5859375 0.512499988079071 0.5859375 0.518750011920929 0.5843750238418579 0.520312488079071 0.5843750238418579 0.5249999761581421 0.582812488079071 0.526562511920929 0.582812488079071 0.5328124761581421 0.581250011920929 0.534375011920929 0.581250011920929 0.542187511920929 0.5796874761581421 0.543749988079071 0.5796874761581421 0.551562488079071 0.5765625238418579 0.5546875 0.5718749761581421 0.5546875 0.5718749761581421 0.5718749761581421 0.5765625238418579 0.5718749761581421 0.578125 0.5703125 0.5796874761581421 0.5703125 0.581250011920929 0.5687500238418579 0.582812488079071 0.5687500238418579 0.5843750238418579 0.567187488079071 0.5843750238418579 0.565625011920929 0.5859375 0.5640624761581421 0.5859375 0.5609375238418579 0.5874999761581421 0.559374988079071 0.5874999761581421 0.551562488079071 0.589062511920929 0.550000011920929 0.589062511920929 0.546875 0.590624988079071 0.5453125238418579 0.590624988079071 0.543749988079071 0.5921875238418579 0.542187511920929 0.5921875238418579 0.535937488079071 0.59375 0.534375011920929 0.59375 0.53125 0.5953124761581421 0.5296875238418579 0.596875011920929 0.5296875238418579 0.598437488079071 0.53125 0.598437488079071 0.534375011920929 0.6000000238418579 0.535937488079071 0.6000000238418579 0.542187511920929 0.6015625 0.543749988079071 0.6015625 0.5484374761581421 0.6031249761581421 0.550000011920929 0.6031249761581421 0.5546875 0.604687511920929 0.5562499761581421 0.604687511920929 0.574999988079071 0.606249988079071 0.5765625238418579 0.606249988079071 0.582812488079071 0.6171875 0.582812488079071 0.6171875 0.5718749761581421 0.6187499761581421 0.5703125 0.6187499761581421 0.565625011920929 0.6171875 0.5640624761581421 0.6171875 0.557812511920929 0.6156250238418579 0.5562499761581421 0.6156250238418579 0.551562488079071 0.614062488079071 0.550000011920929 0.614062488079071 0.546875 0.612500011920929 0.5453125238418579 0.612500011920929 0.528124988079071 0.6109374761581421 0.526562511920929 0.6109374761581421 0.504687488079071 0.612500011920929 0.503125011920929 0.612500011920929 0.5 0.6156250238418579 0.49687498807907104 0.6171875 0.49687498807907104 0.6171875 0.49531251192092896 0.6187499761581421 0.4937500059604645 0.6187499761581421 0.4859375059604645 0.6171875 0.484375 0.6171875 0.4765625 0.6156250238418579 0.4749999940395355 0.6156250238418579 0.46562498807907104 0.614062488079071 0.46406251192092896 0.614062488079071 0.4609375 0.612500011920929 0.4593749940395355 0.612500011920929 0.44843751192092896 0.614062488079071 0.4468750059604645 0.614062488079071 0.4390625059604645 0.612500011920929 0.4375 0.612500011920929 0.4359374940395355 0.6109374761581421 0.43437498807907104 0.6109374761581421 0.4312500059604645 0.609375 0.4296875 0.609375 0.421875
5 0.6640625 0.4281249940395355 0.6640625 0.43281251192092896 0.659375011920929 0.4375 0.659375011920929 0.4390625059604645 0.6578124761581421 0.44062501192092896 0.6578124761581421 0.4437499940395355 0.65625 0.4453125 0.65625 0.4468750059604645 0.6546875238418579 0.44843751192092896 0.6546875238418579 0.4515624940395355 0.653124988079071 0.453125 0.653124988079071 0.4546875059604645 0.651562511920929 0.45625001192092896 0.651562511920929 0.4593749940395355 0.6499999761581421 0.4609375 0.6499999761581421 0.46562498807907104 0.6484375 0.4671874940395355 0.6484375 0.46875 0.6468750238418579 0.4703125059604645 0.6468750238418579 0.47187501192092896 0.645312488079071 0.47343748807907104 0.645312488079071 0.4749999940395355 0.643750011920929 0.4765625 0.643750011920929 0.47968751192092896 0.6421874761581421 0.48124998807907104 0.6421874761581421 0.48750001192092896 0.643750011920929 0.48906248807907104 0.643750011920929 0.4921875 0.645312488079071 0.4937500059604645 0.645312488079071 0.49687498807907104 0.6468750238418579 0.4984374940395355 0.6468750238418579 0.5078125 0.6484375 0.5093749761581421 0.6484375 0.5249999761581421 0.6468750238418579 0.526562511920929 0.6468750238418579 0.5453125238418579 0.645312488079071 0.546875 0.645312488079071 0.5562499761581421 0.643750011920929 0.557812511920929 0.643750011920929 0.5640624761581421 0.6421874761581421 0.565625011920929 0.6421874761581421 0.5718749761581421 0.6390625238418579 0.574999988079071 0.6343749761581421 0.574999988079071 0.6343749761581421 0.590624988079071 0.6421874761581421 0.590624988079071 0.643750011920929 0.5921875238418579 0.645312488079071 0.5921875238418579 0.6468750238418579 0.59375 0.6484375 0.59375 0.6499999761581421 0.5953124761581421 0.651562511920929 0.5953124761581421 0.653124988079071 0.596875011920929 0.653124988079071 0.6015625 0.6578124761581421 0.6015625 0.6578124761581421 0.59375 0.65625 0.5921875238418579 0.65625 0.5718749761581421 0.6578124761581421 0.5703125 0.6578124761581421 0.567187488079071 0.659375011920929 0.565625011920929 0.660937488079071 0.565625011920929 0.6625000238418579 0.5640624761581421 0.6640625 0.5640624761581421 0.6656249761581421 0.565625011920929 0.6656249761581421 0.5703125 0.6703125238418579 0.574999988079071 0.671875 0.574999988079071 0.6734374761581421 0.573437511920929 0.6734374761581421 0.5718749761581421 0.675000011920929 0.5703125 0.675000011920929 0.5609375238418579 0.676562488079071 0.559374988079071 0.676562488079071 0.557812511920929 0.675000011920929 0.5562499761581421 0.675000011920929 0.5453125238418579 0.6734374761581421 0.543749988079071 0.6734374761581421 0.53125 0.675000011920929 0.5296875238418579 0.675000011920929 0.518750011920929 0.676562488079071 0.5171874761581421 0.676562488079071 0.5140625238418579 0.6781250238418579 0.512499988079071 0.682812511920929 0.512499988079071 0.682812511920929 0.4281249940395355
5 0.2671875059604645 0.359375 0.2671875059604645 0.375 0.265625 0.3765625059604645 0.265625 0.37812501192092896 0.27031248807907104 0.3828125 0.27031248807907104 0.3843750059604645 0.2718749940395355 0.38593751192092896 0.2718749940395355 0.3890624940395355 0.2734375 0.390625 0.2734375 0.3968749940395355 0.2718749940395355 0.3984375 0.2718749940395355 0.4000000059604645 0.265625 0.40625 0.2593750059604645 0.40625 0.2593750059604645 0.5140625238418579 0.265625 0.5140625238418579 0.27031248807907104 0.518750011920929 0.27031248807907104 0.520312488079071 0.2718749940395355 0.5218750238418579 0.2718749940395355 0.5234375 0.2750000059604645 0.526562511920929 0.2750000059604645 0.528124988079071 0.27656251192092896 0.5296875238418579 0.27656251192092896 0.53125 0.27812498807907104 0.5328124761581421 0.27812498807907104 0.534375011920929 0.2796874940395355 0.535937488079071 0.2796874940395355 0.5375000238418579 0.28125 0.5390625 0.28125 0.543749988079071 0.2828125059604645 0.5453125238418579 0.2828125059604645 0.5562499761581421 0.28437501192092896 0.557812511920929 0.28437501192092896 0.5687500238418579 0.28593748807907104 0.5703125 0.28593748807907104 0.574999988079071 0.28437501192092896 0.5765625238418579 0.28437501192092896 0.604687511920929 0.28593748807907104 0.606249988079071 0.28593748807907104 0.609375 0.2874999940395355 0.6109374761581421 0.2874999940395355 0.614062488079071 0.2890625 0.6156250238418579 0.2890625 0.6187499761581421 0.2906250059604645 0.6171875 0.2906250059604645 0.606249988079071 0.29218751192092896 0.604687511920929 0.29218751192092896 0.598437488079071 0.29374998807907104 0.596875011920929 0.29374998807907104 0.5953124761581421 0.2953124940395355 0.59375 0.2953124940395355 0.5874999761581421 0.296875 0.5859375 0.296875 0.5718749761581421 0.2984375059604645 0.5703125 0.2984375059604645 0.565625011920929 0.30000001192092896 0.5640624761581421 0.30000001192092896 0.557812511920929 0.30156248807907104 0.5562499761581421 0.30156248807907104 0.550000011920929 0.3031249940395355 0.5484374761581421 0.3031249940395355 0.543749988079071 0.3046875 0.542187511920929 0.3046875 0.5375000238418579 0.3062500059604645 0.535937488079071 0.3062500059604645 0.5328124761581421 0.30781251192092896 0.53125 0.30781251192092896 0.5296875238418579 0.30937498807907104 0.528124988079071 0.3140625059604645 0.528124988079071 0.3140625059604645 0.47343748807907104 0.30937498807907104 0.47343748807907104 0.3062500059604645 0.4703125059604645 0.3062500059604645 0.46406251192092896 0.3046875 0.4625000059604645 0.3046875 0.453125 0.3031249940395355 0.4515624940395355 0.3031249940395355 0.4437499940395355 0.30156248807907104 0.44218748807907104 0.30156248807907104 0.4375 0.30000001192092896 0.4359374940395355 0.30000001192092896 0.4312500059604645 0.2984375059604645 0.4296875 0.2984375059604645 0.39375001192092896 0.30000001192092896 0.3921875059604645 0.30000001192092896 0.3828125 0.30156248807907104 0.3812499940395355 0.30156248807907104 0.37031251192092896 0.30000001192092896 0.3687500059604645 0.30000001192092896 0.359375
5 0.3531250059604645 0.3968749940395355 0.3531250059604645 0.40625 0.3515625 0.4078125059604645 0.3515625 0.41093748807907104 0.3531250059604645 0.4124999940395355 0.3531250059604645 0.4156250059604645 0.3515625 0.41718751192092896 0.3515625 0.421875 0.3499999940395355 0.4234375059604645 0.3499999940395355 0.42500001192092896 0.34843748807907104 0.42656248807907104 0.34843748807907104 0.4281249940395355 0.3453125059604645 0.4312500059604645 0.34062498807907104 0.4312500059604645 0.34062498807907104 0.4749999940395355 0.3453125059604645 0.4749999940395355 0.34843748807907104 0.4781250059604645 0.34843748807907104 0.48124998807907104 0.3531250059604645 0.4859375059604645 0.3531250059604645 0.48750001192092896 0.35468751192092896 0.48906248807907104 0.35468751192092896 0.510937511920929 0.3531250059604645 0.512499988079071 0.3531250059604645 0.5171874761581421 0.3515625 0.518750011920929 0.34687501192092896 0.5140625238418579 0.34687501192092896 0.5078125 0.3453125059604645 0.5062500238418579 0.34062498807907104 0.5062500238418579 0.34062498807907104 0.5625 0.34687501192092896 0.5625 0.3499999940395355 0.565625011920929 0.3499999940395355 0.567187488079071 0.3531250059604645 0.5703125 0.3531250059604645 0.5718749761581421 0.35468751192092896 0.573437511920929 0.35468751192092896 0.5765625238418579 0.35624998807907104 0.578125 0.35624998807907104 0.5796874761581421 0.3578124940395355 0.581250011920929 0.3578124940395355 0.590624988079071 0.359375 0.5921875238418579 0.359375 0.59375 0.36250001192092896 0.59375 0.36406248807907104 0.5921875238418579 0.3671875 0.5921875238418579 0.3687500059604645 0.590624988079071 0.3687500059604645 0.5874999761581421 0.3671875 0.5859375 0.3671875 0.581250011920929 0.3687500059604645 0.5796874761581421 0.3687500059604645 0.573437511920929 0.37031251192092896 0.5718749761581421 0.37031251192092896 0.5687500238418579 0.37187498807907104 0.567187488079071 0.37187498807907104 0.5562499761581421 0.3734374940395355 0.5546875 0.3734374940395355 0.543749988079071 0.375 0.542187511920929 0.375 0.5375000238418579 0.3765625059604645 0.535937488079071 0.3765625059604645 0.5328124761581421 0.37812501192092896 0.53125 0.37812501192092896 0.526562511920929 0.37968748807907104 0.5249999761581421 0.37968748807907104 0.518750011920929 0.3812499940395355 0.5171874761581421 0.3812499940395355 0.5 0.3828125 0.4984374940395355 0.3828125 0.47343748807907104 0.3843750059604645 0.47187501192092896 0.3890624940395355 0.47187501192092896 0.3890624940395355 0.46562498807907104 0.3843750059604645 0.46562498807907104 0.3828125 0.46406251192092896 0.3828125 0.45781248807907104 0.3843750059604645 0.45625001192092896 0.3890624940395355 0.45625001192092896 0.3890624940395355 0.453125 0.3843750059604645 0.453125 0.3828125 0.4515624940395355 0.3828125 0.44843751192092896 0.3812499940395355 0.4468750059604645 0.3812499940395355 0.4437499940395355 0.37968748807907104 0.44218748807907104 0.37968748807907104 0.44062501192092896 0.37812501192092896 0.4390625059604645 0.37812501192092896 0.43437498807907104 0.3765625059604645 0.43281251192092896 0.3765625059604645 0.4296875 0.375 0.4281249940395355 0.375 0.42656248807907104 0.3734374940395355 0.42500001192092896 0.3734374940395355 0.4203124940395355 0.37187498807907104 0.41874998807907104 0.37187498807907104 0.4140625 0.37031251192092896 0.4124999940395355 0.37031251192092896 0.41093748807907104 0.3687500059604645 0.40937501192092896 0.3687500059604645 0.4046874940395355 0.3671875 0.40312498807907104 0.3671875 0.3968749940395355
5 0.37031251192092896 0.4515624940395355 0.37031251192092896 0.453125 0.3687500059604645 0.4546875059604645 0.3687500059604645 0.4671874940395355 0.3656249940395355 0.4703125059604645 0.359375 0.4703125059604645 0.359375 0.5015624761581421 0.36406248807907104 0.5015624761581421 0.3656249940395355 0.5 0.3656249940395355 0.49531251192092896 0.3671875 0.4937500059604645 0.3671875 0.4906249940395355 0.3687500059604645 0.48906248807907104 0.3687500059604645 0.47968751192092896 0.37031251192092896 0.4781250059604645 0.37031251192092896 0.47187501192092896 0.37187498807907104 0.4703125059604645 0.37187498807907104 0.46562498807907104 0.3734374940395355 0.46406251192092896 0.3734374940395355 0.45781248807907104 0.37187498807907104 0.45625001192092896 0.37187498807907104 0.4546875059604645 0.37031251192092896 0.453125 0.37031251192092896 0.4515624940395355 0.37187498807907104 0.4468750059604645 0.3734374940395355 0.4453125 0.3765625059604645 0.4453125 0.3812499940395355 0.44999998807907104 0.3812499940395355 0.4515624940395355 0.3828125 0.453125 0.3812499940395355 0.4546875059604645 0.3812499940395355 0.4749999940395355 0.37968748807907104 0.4765625 0.37968748807907104 0.4781250059604645 0.3812499940395355 0.47968751192092896 0.3812499940395355 0.48750001192092896 0.3828125 0.48906248807907104 0.3828125 0.4984374940395355 0.3812499940395355 0.5 0.3812499940395355 0.5140625238418579 0.37968748807907104 0.515625 0.37968748807907104 0.5171874761581421 0.3765625059604645 0.520312488079071 0.3765625059604645 0.5218750238418579 0.375 0.5234375 0.375 0.528124988079071 0.3734374940395355 0.5296875238418579 0.3734374940395355 0.5375000238418579 0.37187498807907104 0.5390625 0.37187498807907104 0.543749988079071 0.37031251192092896 0.5453125238418579 0.37031251192092896 0.5703125 0.37187498807907104 0.5718749761581421 0.37187498807907104 0.581250011920929 0.3734374940395355 0.582812488079071 0.3734374940395355 0.596875011920929 0.37187498807907104 0.598437488079071 0.37187498807907104 0.604687511920929 0.37031251192092896 0.606249988079071 0.37031251192092896 0.6078125238418579 0.3687500059604645 0.609375 0.3687500059604645 0.6109374761581421 0.3671875 0.612500011920929 0.3671875 0.614062488079071 0.3656249940395355 0.6156250238418579 0.3656249940395355 0.6234375238418579 0.3671875 0.625 0.3671875 0.6328125 0.38749998807907104 0.6328125 0.38749998807907104 0.628125011920929 0.3890624940395355 0.6265624761581421 0.3890624940395355 0.625 0.390625 0.6234375238418579 0.390625 0.6156250238418579 0.3921875059604645 0.614062488079071 0.3921875059604645 0.612500011920929 0.3968749940395355 0.6078125238418579 0.3968749940395355 0.606249988079071 0.3984375 0.604687511920929 0.3984375 0.6031249761581421 0.4000000059604645 0.6015625 0.4000000059604645 0.59375 0.40312498807907104 0.590624988079071 0.4046874940395355 0.5921875238418579 0.40937501192092896 0.5921875238418579 0.4140625 0.596875011920929 0.4140625 0.598437488079071 0.41718751192092896 0.6015625 0.41718751192092896 0.6031249761581421 0.41874998807907104 0.604687511920929 0.41874998807907104 0.6078125238418579 0.4203124940395355 0.609375 0.4203124940395355 0.614062488079071 0.421875 0.614062488079071 0.421875 0.6031249761581421 0.4234375059604645 0.6015625 0.4234375059604645 0.598437488079071 0.42500001192092896 0.596875011920929 0.42500001192092896 0.5874999761581421 0.4234375059604645 0.5859375 0.4234375059604645 0.5843750238418579 0.41093748807907104 0.5718749761581421 0.41093748807907104 0.5703125 0.4078125059604645 0.567187488079071 0.4078125059604645 0.565625011920929 0.4046874940395355 0.5625 0.4046874940395355 0.5609375238418579 0.40312498807907104 0.559374988079071 0.40312498807907104 0.5562499761581421 0.40156251192092896 0.5546875 0.40156251192092896 0.5375000238418579 0.40312498807907104 0.535937488079071 0.40312498807907104 0.528124988079071 0.4046874940395355 0.526562511920929 0.4046874940395355 0.5218750238418579 0.40625 0.520312488079071 0.40625 0.518750011920929 0.4078125059604645 0.5171874761581421 0.4078125059604645 0.515625 0.40937501192092896 0.5140625238418579 0.40937501192092896 0.512499988079071 0.4078125059604645 0.510937511920929 0.4078125059604645 0.5078125 0.40625 0.5062500238418579 0.40625 0.504687488079071 0.40312498807907104 0.5015624761581421 0.40312498807907104 0.49687498807907104 0.4046874940395355 0.49531251192092896 0.4046874940395355 0.4921875 0.40625 0.4906249940395355 0.40625 0.48750001192092896 0.4078125059604645 0.4859375059604645 0.4078125059604645 0.4671874940395355 0.40625 0.46562498807907104 0.40625 0.45625001192092896 0.4046874940395355 0.4546875059604645 0.4046874940395355 0.44843751192092896 0.40312498807907104 0.4468750059604645 0.40312498807907104 0.4437499940395355 0.40156251192092896 0.44218748807907104 0.40156251192092896 0.44062501192092896 0.4000000059604645 0.4390625059604645 0.4000000059604645 0.4375 0.3984375 0.4359374940395355 0.3984375 0.4312500059604645 0.3968749940395355 0.4296875 0.3968749940395355 0.42500001192092896 0.39531248807907104 0.4234375059604645 0.39531248807907104 0.4203124940395355 0.39375001192092896 0.41874998807907104 0.39375001192092896 0.3968749940395355 0.3765625059604645 0.3968749940395355 0.3765625059604645 0.40156251192092896 0.375 0.40312498807907104 0.375 0.40625 0.3734374940395355 0.4078125059604645 0.3734374940395355 0.4140625 0.375 0.4156250059604645 0.375 0.44218748807907104 0.3734374940395355 0.4437499940395355 0.3734374940395355 0.4453125 0.37187498807907104 0.4468750059604645
5 0.3421874940395355 0.4453125 0.3421874940395355 0.4468750059604645 0.3453125059604645 0.44999998807907104 0.3453125059604645 0.453125 0.34687501192092896 0.4546875059604645 0.3515625 0.4546875059604645 0.3515625 0.4312500059604645 0.34687501192092896 0.4312500059604645 0.34687501192092896 0.4359374940395355 0.3453125059604645 0.4375 0.3453125059604645 0.44218748807907104 0.3421874940395355 0.4453125 0.3375000059604645 0.4453125 0.3343749940395355 0.4453125 0.3296875059604645 0.44062501192092896 0.3296875059604645 0.4359374940395355 0.328125 0.43437498807907104 0.328125 0.4296875 0.3265624940395355 0.4281249940395355 0.3265624940395355 0.4203124940395355 0.32499998807907104 0.41874998807907104 0.32499998807907104 0.4124999940395355 0.32343751192092896 0.41093748807907104 0.32343751192092896 0.40625 0.3218750059604645 0.4046874940395355 0.3218750059604645 0.3968749940395355 0.3203125 0.3968749940395355 0.3203125 0.40312498807907104 0.3140625059604645 0.40937501192092896 0.3140625059604645 0.4124999940395355 0.3125 0.4140625 0.3125 0.41874998807907104 0.3140625059604645 0.4203124940395355 0.3140625059604645 0.4281249940395355 0.3125 0.4296875 0.3125 0.44062501192092896 0.3109374940395355 0.44218748807907104 0.3109374940395355 0.44999998807907104 0.30937498807907104 0.4515624940395355 0.30937498807907104 0.4546875059604645 0.30781251192092896 0.45625001192092896 0.3031249940395355 0.45625001192092896 0.3031249940395355 0.526562511920929 0.30781251192092896 0.526562511920929 0.30937498807907104 0.528124988079071 0.30937498807907104 0.5296875238418579 0.3109374940395355 0.53125 0.3109374940395355 0.534375011920929 0.3125 0.535937488079071 0.3125 0.5390625 0.3140625059604645 0.5406249761581421 0.3140625059604645 0.542187511920929 0.31562501192092896 0.543749988079071 0.31562501192092896 0.5484374761581421 0.31718748807907104 0.550000011920929 0.31718748807907104 0.565625011920929 0.3187499940395355 0.567187488079071 0.3187499940395355 0.5687500238418579 0.32343751192092896 0.573437511920929 0.32343751192092896 0.578125 0.32499998807907104 0.5796874761581421 0.32499998807907104 0.5843750238418579 0.32343751192092896 0.5859375 0.32343751192092896 0.59375 0.3218750059604645 0.5953124761581421 0.3218750059604645 0.6109374761581421 0.3203125 0.612500011920929 0.3203125 0.621874988079071 0.3218750059604645 0.6234375238418579 0.3218750059604645 0.6312500238418579 0.32343751192092896 0.6328125 0.32343751192092896 0.645312488079071 0.3421874940395355 0.645312488079071 0.3421874940395355 0.6343749761581421 0.33906251192092896 0.6312500238418579 0.33906251192092896 0.629687488079071 0.3375000059604645 0.628125011920929 0.3375000059604645 0.5953124761581421 0.33906251192092896 0.59375 0.33906251192092896 0.5874999761581421 0.34062498807907104 0.5859375 0.34062498807907104 0.5796874761581421 0.3421874940395355 0.578125 0.3421874940395355 0.565625011920929 0.34375 0.5640624761581421 0.34375 0.557812511920929 0.3453125059604645 0.5562499761581421 0.3453125059604645 0.5546875 0.34687501192092896 0.5531250238418579 0.3515625 0.5531250238418579 0.3515625 0.510937511920929 0.34687501192092896 0.510937511920929 0.3453125059604645 0.5093749761581421 0.3453125059604645 0.49687498807907104 0.34687501192092896 0.49531251192092896 0.3515625 0.49531251192092896 0.3515625 0.4671874940395355 0.3453125059604645 0.4671874940395355 0.34375 0.46562498807907104 0.34062498807907104 0.46562498807907104 0.3375000059604645 0.4625000059604645 0.3375000059604645 0.4609375 0.3359375 0.4593749940395355 0.3359375 0.4515624940395355 0.3375000059604645 0.44999998807907104 0.3375000059604645 0.4453125
5 0.23593750596046448 0.4078125059604645 0.23593750596046448 0.4124999940395355 0.23125000298023224 0.41718751192092896 0.22968749701976776 0.41718751192092896 0.2265625 0.4203124940395355 0.22187499701976776 0.4203124940395355 0.22187499701976776 0.4703125059604645 0.2265625 0.4703125059604645 0.22968749701976776 0.47343748807907104 0.22968749701976776 0.4765625 0.23125000298023224 0.4781250059604645 0.23125000298023224 0.484375 0.23281249403953552 0.4859375059604645 0.23281249403953552 0.48750001192092896 0.23593750596046448 0.4906249940395355 0.23593750596046448 0.4921875 0.23749999701976776 0.4937500059604645 0.23749999701976776 0.49531251192092896 0.23906250298023224 0.49531251192092896 0.24062499403953552 0.49687498807907104 0.2421875 0.49687498807907104 0.24375000596046448 0.4984374940395355 0.24531249701976776 0.4984374940395355 0.2515625059604645 0.504687488079071 0.25312501192092896 0.504687488079071 0.25468748807907104 0.5062500238418579 0.2562499940395355 0.5062500238418579 0.2578125 0.5078125 0.2578125 0.5140625238418579 0.2640624940395355 0.5140625238418579 0.2640624940395355 0.41718751192092896 0.2562499940395355 0.41718751192092896 0.25312501192092896 0.4140625 0.25312501192092896 0.4046874940395355 0.25468748807907104 0.40312498807907104 0.25468748807907104 0.3968749940395355 0.23749999701976776 0.3968749940395355 0.23749999701976776 0.40625 0.23593750596046448 0.4078125059604645 0.22812500596046448 0.4046874940395355 0.22812500596046448 0.3968749940395355 0.22187499701976776 0.3968749940395355 0.22187499701976776 0.40625 0.2265625 0.40625 0.22812500596046448 0.4046874940395355