4 0.508203 0.354167 0.007031 0.027778
0 0.525391 0.414583 0.010156 0.023611
1 0.472656 0.441667 0.014063 0.027778
1 0.445312 0.440278 0.017188 0.038889
1 0.426953 0.452778 0.014844 0.030556
1 0.413281 0.457639 0.015625 0.034722
4 0.383984 0.432639 0.042969 0.101389
1 0.302344 0.461111 0.040625 0.058333
1 0.340234 0.481250 0.061719 0.076389
1 0.240234 0.479861 0.082031 0.104167
1 0.159375 0.456944 0.040625 0.027778
1 0.486328 0.447917 0.013281 0.020833
1 0.501172 0.455556 0.010156 0.025000
1 0.517188 0.455556 0.017188 0.036111
1 0.539453 0.466667 0.024219 0.047222
1 0.582031 0.457639 0.068750 0.101389
1 0.675781 0.460417 0.053125 0.065278
1 0.625000 0.493056 0.085938 0.091667
1 0.760547 0.525694 0.194531 0.243056
1 0.059766 0.545833 0.117969 0.241667
1 0.462109 0.437500 0.008594 0.022222
