0 0.199219 0.429861 0.014063 0.054167
3 0.308984 0.520139 0.010156 0.068056
3 0.297656 0.522917 0.017188 0.076389
4 0.393750 0.498611 0.012500 0.094444
4 0.432031 0.484028 0.065625 0.140278
1 0.442578 0.538889 0.060156 0.080556
1 0.571094 0.527083 0.217188 0.265278
1 0.280469 0.531944 0.042188 0.077778
1 0.238281 0.539583 0.081250 0.095833
1 0.219141 0.570139 0.060156 0.126389
1 0.103125 0.559722 0.206250 0.272222
1 0.764844 0.636806 0.378125 0.362500
2 0.101172 0.588194 0.116406 0.368056
4 0.107031 0.692361 0.117188 0.290278
4 0.355078 0.505556 0.041406 0.100000
1 0.012891 0.670833 0.025781 0.286111

5 0.1015625 0.40312498807907104 0.1015625 0.40937501192092896 0.10000000149011612 0.41093748807907104 0.10000000149011612 0.4124999940395355 0.09843750298023224 0.4140625 0.09843750298023224 0.41874998807907104 0.09687499701976776 0.4203124940395355 0.09687499701976776 0.44062501192092896 0.09531249850988388 0.44218748807907104 0.09531249850988388 0.4437499940395355 0.09062500298023224 0.44843751192092896 0.08906249701976776 0.44843751192092896 0.08437500149011612 0.453125 0.08281250298023224 0.453125 0.08124999701976776 0.4546875059604645 0.07968749850988388 0.4546875059604645 0.07656250149011612 0.45781248807907104 0.07500000298023224 0.45781248807907104 0.06562499701976776 0.4671874940395355 0.06562499701976776 0.46875 0.0625 0.47187501192092896 0.0625 0.47343748807907104 0.06093750149011612 0.4749999940395355 0.06093750149011612 0.4765625 0.05781250074505806 0.47968751192092896 0.05781250074505806 0.48124998807907104 0.05156249925494194 0.48750001192092896 0.046875 0.48750001192092896 0.046875 0.526562511920929 0.05156249925494194 0.526562511920929 0.05312500149011612 0.5249999761581421 0.05312500149011612 0.5218750238418579 0.05624999850988388 0.518750011920929 0.05781250074505806 0.518750011920929 0.05937499925494194 0.5171874761581421 0.06562499701976776 0.5234375 0.06562499701976776 0.5453125238418579 0.06718750298023224 0.546875 0.06718750298023224 0.5531250238418579 0.06875000149011612 0.5546875 0.06875000149011612 0.557812511920929 0.0703125 0.559374988079071 0.0703125 0.5625 0.07187499850988388 0.5640624761581421 0.07187499850988388 0.565625011920929 0.07343749701976776 0.567187488079071 0.07343749701976776 0.5703125 0.07500000298023224 0.5718749761581421 0.07500000298023224 0.574999988079071 0.07656250149011612 0.5765625238418579 0.07656250149011612 0.5796874761581421 0.078125 0.581250011920929 0.078125 0.582812488079071 0.07968749850988388 0.5843750238418579 0.07968749850988388 0.589062511920929 0.08124999701976776 0.590624988079071 0.08124999701976776 0.5953124761581421 0.08281250298023224 0.596875011920929 0.08281250298023224 0.604687511920929 0.08437500149011612 0.606249988079071 0.08437500149011612 0.6109374761581421 0.0859375 0.612500011920929 0.0859375 0.6171875 0.08749999850988388 0.6187499761581421 0.08749999850988388 0.628125011920929 0.08906249701976776 0.629687488079071 0.08906249701976776 0.6421874761581421 0.09062500298023224 0.643750011920929 0.09062500298023224 0.6499999761581421 0.09218750149011612 0.651562511920929 0.09218750149011612 0.6578124761581421 0.09375 0.659375011920929 0.09375 0.668749988079071 0.09531249850988388 0.6703125238418579 0.09531249850988388 0.6796875 0.09687499701976776 0.6812499761581421 0.09687499701976776 0.6859375238418579 0.09843750298023224 0.6875 0.09843750298023224 0.6937500238418579 0.10000000149011612 0.6953125 0.10000000149011612 0.706250011920929 0.1015625 0.707812488079071 0.1015625 0.714062511920929 0.10000000149011612 0.715624988079071 0.10000000149011612 0.7171875238418579 0.09843750298023224 0.71875 0.09375 0.71875 0.08749999850988388 0.7124999761581421 0.08749999850988388 0.7093750238418579 0.08437500149011612 0.706250011920929 0.08437500149011612 0.7046874761581421 0.08124999701976776 0.7015625238418579 0.08124999701976776 0.6953125 0.07968749850988388 0.6937500238418579 0.07968749850988388 0.692187488079071 0.078125 0.690625011920929 0.078125 0.6875 0.07656250149011612 0.6890624761581421 0.07656250149011612 0.707812488079071 0.07500000298023224 0.7093750238418579 0.07500000298023224 0.731249988079071 0.07656250149011612 0.7328125238418579 0.07656250149011612 0.745312511920929 0.078125 0.746874988079071 0.07656250149011612 0.7484375238418579 0.07656250149011612 0.7671874761581421 0.078125 0.768750011920929 0.078125 0.784375011920929 0.078125 0.78125 0.07968749850988388 0.7796875238418579 0.07968749850988388 0.7718750238418579 0.08281250298023224 0.768750011920929 0.08437500149011612 0.768750011920929 0.0859375 0.7671874761581421 0.09531249850988388 0.7671874761581421 0.09687499701976776 0.765625 0.10000000149011612 0.765625 0.1015625 0.7640625238418579 0.10781250149011612 0.770312488079071 0.109375 0.770312488079071 0.11093749850988388 0.7718750238418579 0.11249999701976776 0.7718750238418579 0.1171875 0.776562511920929 0.1171875 0.778124988079071 0.12187500298023224 0.7828124761581421 0.12187500298023224 0.784375011920929 0.12656250596046448 0.7890625 0.12812499701976776 0.7875000238418579 0.12812499701976776 0.785937488079071 0.12968750298023224 0.784375011920929 0.12968750298023224 0.78125 0.13124999403953552 0.7796875238418579 0.13124999403953552 0.776562511920929 0.1328125 0.7749999761581421 0.1328125 0.770312488079071 0.13437500596046448 0.768750011920929 0.13437500596046448 0.7203124761581421 0.13593749701976776 0.71875 0.13593749701976776 0.7046874761581421 0.13750000298023224 0.703125 0.13750000298023224 0.698437511920929 0.13906249403953552 0.6968749761581421 0.13906249403953552 0.692187488079071 0.140625 0.690625011920929 0.140625 0.6890624761581421 0.14218750596046448 0.6875 0.14218750596046448 0.6859375238418579 0.14374999701976776 0.684374988079071 0.14374999701976776 0.682812511920929 0.14531250298023224 0.6812499761581421 0.14531250298023224 0.676562488079071 0.14687499403953552 0.675000011920929 0.14687499403953552 0.671875 0.1484375 0.6703125238418579 0.1484375 0.668749988079071 0.15000000596046448 0.667187511920929 0.15000000596046448 0.6656249761581421 0.15312500298023224 0.6625000238418579 0.15781250596046448 0.6625000238418579 0.15781250596046448 0.621874988079071 0.15312500298023224 0.621874988079071 0.15000000596046448 0.6187499761581421 0.15000000596046448 0.6171875 0.1484375 0.6156250238418579 0.1484375 0.614062488079071 0.14687499403953552 0.612500011920929 0.14687499403953552 0.6109374761581421 0.14531250298023224 0.609375 0.14531250298023224 0.606249988079071 0.14687499403953552 0.604687511920929 0.14687499403953552 0.5953124761581421 0.1484375 0.59375 0.1484375 0.5921875238418579 0.15000000596046448 0.590624988079071 0.15000000596046448 0.5859375 0.1484375 0.5843750238418579 0.15000000596046448 0.582812488079071 0.15000000596046448 0.581250011920929 0.15312500298023224 0.578125 0.15781250596046448 0.578125 0.15781250596046448 0.5328124761581421 0.15312500298023224 0.5328124761581421 0.15156249701976776 0.53125 0.15156249701976776 0.5296875238418579 0.15000000596046448 0.528124988079071 0.15000000596046448 0.518750011920929 0.1484375 0.5171874761581421 0.1484375 0.512499988079071 0.14687499403953552 0.510937511920929 0.14687499403953552 0.5062500238418579 0.14531250298023224 0.504687488079071 0.14531250298023224 0.5015624761581421 0.14374999701976776 0.5 0.14374999701976776 0.4937500059604645 0.14218750596046448 0.4921875 0.14218750596046448 0.48750001192092896 0.140625 0.4859375059604645 0.140625 0.48124998807907104 0.13906249403953552 0.47968751192092896 0.13906249403953552 0.4781250059604645 0.13750000298023224 0.4765625 0.13750000298023224 0.4749999940395355 0.13593749701976776 0.47343748807907104 0.13593749701976776 0.47187501192092896 0.13437500596046448 0.4703125059604645 0.13437500596046448 0.46875 0.13124999403953552 0.46562498807907104 0.13124999403953552 0.46406251192092896 0.12968750298023224 0.4625000059604645 0.12968750298023224 0.4609375 0.12656250596046448 0.45781248807907104 0.12656250596046448 0.45625001192092896 0.125 0.4546875059604645 0.125 0.43281251192092896 0.12656250596046448 0.4312500059604645 0.12656250596046448 0.42500001192092896 0.125 0.4234375059604645 0.125 0.4140625 0.12343750149011612 0.4124999940395355 0.12343750149011612 0.41093748807907104 0.12187500298023224 0.40937501192092896 0.12187500298023224 0.40312498807907104