4 0.525000 0.322917 0.009375 0.037500
4 0.571875 0.404167 0.010938 0.038889
4 0.632422 0.443056 0.010156 0.033333
4 0.641797 0.479861 0.008594 0.023611
4 0.750000 0.422917 0.015625 0.034722
0 0.582422 0.479861 0.010156 0.023611
4 0.534375 0.459028 0.009375 0.029167
0 0.400781 0.388889 0.023438 0.055556
1 0.456641 0.502778 0.041406 0.030556
1 0.405078 0.510417 0.061719 0.070833
1 0.355859 0.510417 0.063281 0.093056
1 0.223438 0.509722 0.120313 0.133333
1 0.555469 0.504861 0.009375 0.026389
1 0.560547 0.510417 0.011719 0.037500
1 0.611719 0.527083 0.026563 0.059722
1 0.636328 0.529861 0.039844 0.070833
1 0.675391 0.535417 0.064844 0.073611
1 0.751953 0.556250 0.103906 0.129167
1 0.855469 0.581944 0.165625 0.175000
1 0.533984 0.504167 0.028906 0.027778
1 0.575391 0.511806 0.027344 0.048611
1 0.946484 0.609028 0.105469 0.215278
4 0.559375 0.404167 0.012500 0.044444
0 0.634766 0.467361 0.014844 0.012500
1 0.053516 0.534722 0.074219 0.058333

5 0.925000011920929 0.5406249761581421 0.925000011920929 0.5484374761581421 0.9234374761581421 0.550000011920929 0.9234374761581421 0.551562488079071 0.921875 0.5531250238418579 0.921875 0.5562499761581421 0.9203125238418579 0.557812511920929 0.9203125238418579 0.567187488079071 0.918749988079071 0.5687500238418579 0.918749988079071 0.5718749761581421 0.917187511920929 0.573437511920929 0.917187511920929 0.574999988079071 0.9140625 0.578125 0.9140625 0.5796874761581421 0.9125000238418579 0.581250011920929 0.9125000238418579 0.582812488079071 0.910937488079071 0.5843750238418579 0.910937488079071 0.5859375 0.9078124761581421 0.589062511920929 0.9078124761581421 0.590624988079071 0.90625 0.5921875238418579 0.90625 0.59375 0.9046875238418579 0.5953124761581421 0.9046875238418579 0.598437488079071 0.903124988079071 0.6000000238418579 0.903124988079071 0.6015625 0.901562511920929 0.6031249761581421 0.8968750238418579 0.6031249761581421 0.8968750238418579 0.6421874761581421 0.901562511920929 0.6421874761581421 0.9046875238418579 0.645312488079071 0.9046875238418579 0.6499999761581421 0.90625 0.651562511920929 0.90625 0.6875 0.9078124761581421 0.6890624761581421 0.9078124761581421 0.6937500238418579 0.909375011920929 0.6953125 0.909375011920929 0.698437511920929 0.910937488079071 0.699999988079071 0.910937488079071 0.706250011920929 0.9125000238418579 0.707812488079071 0.9125000238418579 0.7203124761581421 0.9312499761581421 0.7203124761581421 0.9312499761581421 0.7093750238418579 0.932812511920929 0.707812488079071 0.932812511920929 0.7015625238418579 0.934374988079071 0.699999988079071 0.934374988079071 0.698437511920929 0.9359375238418579 0.6968749761581421 0.9359375238418579 0.660937488079071 0.9375 0.659375011920929 0.9375 0.653124988079071 0.9390624761581421 0.651562511920929 0.9390624761581421 0.6499999761581421 0.942187488079071 0.6468750238418579 0.949999988079071 0.6468750238418579 0.9515625238418579 0.6484375 0.953125 0.6468750238418579 0.9546874761581421 0.6468750238418579 0.956250011920929 0.645312488079071 0.957812488079071 0.645312488079071 0.9624999761581421 0.640625 0.9624999761581421 0.637499988079071 0.965624988079071 0.6343749761581421 0.9703124761581421 0.6343749761581421 0.9703124761581421 0.596875011920929 0.965624988079071 0.596875011920929 0.9624999761581421 0.59375 0.9624999761581421 0.5921875238418579 0.9609375 0.590624988079071 0.9609375 0.589062511920929 0.957812488079071 0.5859375 0.957812488079071 0.5843750238418579 0.956250011920929 0.582812488079071 0.956250011920929 0.581250011920929 0.9546874761581421 0.5796874761581421 0.9546874761581421 0.578125 0.953125 0.5765625238418579 0.953125 0.567187488079071 0.9546874761581421 0.565625011920929 0.9546874761581421 0.5546875 0.953125 0.5531250238418579 0.953125 0.5484374761581421 0.9515625238418579 0.546875 0.9515625238418579 0.5406249761581421