0 0.141016 0.328472 0.039844 0.065278
0 0.443359 0.354167 0.017969 0.022222
0 0.709375 0.368750 0.020313 0.018056
0 0.550781 0.410417 0.010938 0.012500
0 0.322266 0.460417 0.008594 0.034722
4 0.332422 0.372222 0.014844 0.036111
4 0.425000 0.361806 0.012500 0.018056
4 0.414844 0.429861 0.007812 0.015278
4 0.542188 0.384028 0.014063 0.026389
4 0.400781 0.453472 0.010938 0.020833
4 0.707031 0.414583 0.007812 0.020833
4 0.676172 0.284028 0.008594 0.015278
4 0.604688 0.295139 0.012500 0.018056
0 0.484375 0.452083 0.017188 0.029167
1 0.340234 0.475694 0.022656 0.026389
1 0.308203 0.479167 0.016406 0.022222
1 0.412891 0.475000 0.013281 0.025000
1 0.426172 0.477778 0.016406 0.022222
1 0.439063 0.480556 0.015625 0.019444
1 0.451563 0.481250 0.015625 0.020833
1 0.469531 0.486111 0.020313 0.027778
1 0.251953 0.480556 0.049219 0.058333
1 0.212500 0.478472 0.015625 0.026389
1 0.198438 0.481250 0.020313 0.034722
1 0.187891 0.487500 0.016406 0.027778
1 0.173828 0.487500 0.016406 0.030556
1 0.161719 0.488889 0.014063 0.025000
1 0.145313 0.486111 0.025000 0.038889
1 0.103516 0.477083 0.055469 0.054167
1 0.010547 0.483333 0.021094 0.058333
1 0.872656 0.496528 0.043750 0.043056
1 0.384375 0.492361 0.050000 0.076389
