4 0.245703 0.200000 0.013281 0.055556
4 0.558984 0.143750 0.017969 0.079167
4 0.233203 0.202778 0.011719 0.055556
4 0.539062 0.138889 0.018750 0.072222
4 0.617578 0.395833 0.010156 0.019444
4 0.624219 0.395833 0.009375 0.019444
4 0.860156 0.338889 0.025000 0.055556
4 0.831641 0.340972 0.016406 0.034722
4 0.113281 0.379167 0.009375 0.016667
4 0.121484 0.379861 0.010156 0.020833
0 0.131641 0.353472 0.030469 0.023611
0 0.248047 0.373611 0.030469 0.038889
0 0.636719 0.370139 0.028125 0.045833
0 0.851562 0.283333 0.043750 0.030556
0 0.517578 0.388194 0.011719 0.018056
0 0.798438 0.308333 0.057813 0.105556
0 0.658984 0.134028 0.089844 0.040278
0 0.850391 0.211111 0.021094 0.047222
1 0.040234 0.491667 0.080469 0.105556
1 0.401172 0.422222 0.021094 0.016667
1 0.389844 0.439583 0.032813 0.034722
1 0.423828 0.428472 0.014844 0.034722
1 0.437109 0.422917 0.019531 0.023611
1 0.450781 0.443750 0.029688 0.043056
1 0.477344 0.479861 0.046875 0.073611
1 0.402734 0.557639 0.149219 0.220833
1 0.941406 0.515972 0.115625 0.165278
