0 0.072266 0.236806 0.038281 0.051389
0 0.072266 0.313889 0.032031 0.072222
0 0.049219 0.290278 0.014063 0.013889
0 0.052734 0.320139 0.007031 0.018056
0 0.649609 0.286111 0.032031 0.016667
0 0.646875 0.253472 0.021875 0.040278
0 0.684766 0.306944 0.021094 0.025000
0 0.679688 0.350000 0.010938 0.047222
0 0.594922 0.327778 0.016406 0.044444
0 0.602734 0.253472 0.014844 0.012500
0 0.294141 0.396528 0.010156 0.020833
0 0.294922 0.422917 0.010156 0.023611
0 0.489453 0.390972 0.008594 0.023611
0 0.487109 0.414583 0.010156 0.020833
4 0.249609 0.296528 0.010156 0.037500
4 0.511328 0.256250 0.011719 0.048611
4 0.200781 0.422917 0.010938 0.018056
4 0.608203 0.410417 0.011719 0.020833
4 0.093750 0.381250 0.026563 0.031944
4 0.071875 0.379167 0.015625 0.030556
4 0.238672 0.294444 0.008594 0.036111
4 0.259375 0.297917 0.006250 0.034722
4 0.499219 0.257639 0.010938 0.045833
4 0.520703 0.256944 0.007031 0.041667
4 0.710547 0.373611 0.016406 0.027778
3 0.899609 0.493056 0.063281 0.238889
3 0.610156 0.495833 0.023438 0.119444
3 0.680469 0.499306 0.021875 0.126389
3 0.252734 0.485417 0.014844 0.070833
3 0.020703 0.481944 0.022656 0.038889
1 0.036719 0.618750 0.070312 0.193056
1 0.121875 0.536806 0.214063 0.209722
1 0.010547 0.515278 0.021094 0.041667
1 0.017188 0.478472 0.034375 0.045833
1 0.392578 0.538889 0.138281 0.188889
1 0.475391 0.477083 0.027344 0.034722
1 0.469922 0.471528 0.024219 0.045833
1 0.466406 0.458333 0.025000 0.041667
1 0.448828 0.468750 0.013281 0.018056
1 0.338672 0.476389 0.013281 0.036111
1 0.662109 0.470139 0.088281 0.076389
1 0.730469 0.475694 0.050000 0.073611

5 0.887499988079071 0.37187498807907104 0.887499988079071 0.3921875059604645 0.885937511920929 0.39375001192092896 0.885937511920929 0.40312498807907104 0.8843749761581421 0.4046874940395355 0.8843749761581421 0.40625 0.8828125 0.4078125059604645 0.8828125 0.40937501192092896 0.8812500238418579 0.41093748807907104 0.8812500238418579 0.4124999940395355 0.879687488079071 0.4140625 0.879687488079071 0.41718751192092896 0.878125011920929 0.41874998807907104 0.878125011920929 0.4234375059604645 0.8765624761581421 0.42500001192092896 0.8765624761581421 0.43437498807907104 0.878125011920929 0.4359374940395355 0.878125011920929 0.44062501192092896 0.879687488079071 0.44218748807907104 0.879687488079071 0.4609375 0.8812500238418579 0.4625000059604645 0.8812500238418579 0.510937511920929 0.879687488079071 0.512499988079071 0.879687488079071 0.542187511920929 0.878125011920929 0.543749988079071 0.878125011920929 0.546875 0.8765624761581421 0.5484374761581421 0.8765624761581421 0.5531250238418579 0.875 0.5546875 0.875 0.557812511920929 0.8734375238418579 0.559374988079071 0.8734375238418579 0.5625 0.870312511920929 0.565625011920929 0.8656250238418579 0.565625011920929 0.8656250238418579 0.5953124761581421 0.870312511920929 0.5953124761581421 0.8765624761581421 0.6015625 0.878125011920929 0.6000000238418579 0.879687488079071 0.6000000238418579 0.8812500238418579 0.598437488079071 0.8812500238418579 0.596875011920929 0.8828125 0.5953124761581421 0.8828125 0.5859375 0.8843749761581421 0.5843750238418579 0.8843749761581421 0.5796874761581421 0.8828125 0.578125 0.8843749761581421 0.5765625238418579 0.8843749761581421 0.574999988079071 0.887499988079071 0.5718749761581421 0.887499988079071 0.5640624761581421 0.890625 0.5609375238418579 0.893750011920929 0.5609375238418579 0.8968750238418579 0.5640624761581421 0.8968750238418579 0.573437511920929 0.8984375 0.574999988079071 0.8984375 0.6078125238418579 0.9156249761581421 0.6078125238418579 0.9156249761581421 0.598437488079071 0.9140625 0.596875011920929 0.9140625 0.59375 0.9125000238418579 0.5921875238418579 0.9125000238418579 0.557812511920929 0.910937488079071 0.5562499761581421 0.910937488079071 0.542187511920929 0.9140625 0.5390625 0.9140625 0.5375000238418579 0.9156249761581421 0.535937488079071 0.9156249761581421 0.526562511920929 0.917187511920929 0.5249999761581421 0.917187511920929 0.518750011920929 0.918749988079071 0.5171874761581421 0.918749988079071 0.4984374940395355 0.9203125238418579 0.49687498807907104 0.9203125238418579 0.49531251192092896 0.921875 0.4937500059604645 0.926562488079071 0.4937500059604645 0.926562488079071 0.48906248807907104 0.921875 0.48906248807907104 0.9203125238418579 0.48750001192092896 0.9203125238418579 0.4859375059604645 0.918749988079071 0.484375 0.918749988079071 0.45625001192092896 0.917187511920929 0.4546875059604645 0.917187511920929 0.43437498807907104 0.9156249761581421 0.43281251192092896 0.9156249761581421 0.4281249940395355 0.9140625 0.42656248807907104 0.9140625 0.4234375059604645 0.9125000238418579 0.421875 0.9125000238418579 0.41718751192092896 0.910937488079071 0.4156250059604645 0.910937488079071 0.41093748807907104 0.909375011920929 0.40937501192092896 0.909375011920929 0.4078125059604645 0.9078124761581421 0.40625 0.9078124761581421 0.4046874940395355 0.90625 0.40312498807907104 0.90625 0.3984375 0.9046875238418579 0.3968749940395355 0.9046875238418579 0.38593751192092896 0.903124988079071 0.3843750059604645 0.903124988079071 0.37968748807907104 0.901562511920929 0.37812501192092896 0.901562511920929 0.37187498807907104
5 0.6656249761581421 0.43437498807907104 0.6656249761581421 0.5453125238418579 0.6859375238418579 0.5453125238418579 0.6859375238418579 0.5375000238418579 0.6875 0.535937488079071 0.6875 0.5296875238418579 0.6890624761581421 0.528124988079071 0.6890624761581421 0.515625 0.690625011920929 0.5140625238418579 0.6953125 0.5140625238418579 0.6953125 0.45625001192092896 0.6890624761581421 0.45625001192092896 0.6875 0.4546875059604645 0.6875 0.4515624940395355 0.6859375238418579 0.44999998807907104 0.6859375238418579 0.43437498807907104
5 0.606249988079071 0.43437498807907104 0.606249988079071 0.4609375 0.604687511920929 0.4625000059604645 0.604687511920929 0.46562498807907104 0.6015625 0.46875 0.596875011920929 0.46875 0.596875011920929 0.5390625 0.6015625 0.5390625 0.6031249761581421 0.5406249761581421 0.6031249761581421 0.542187511920929 0.604687511920929 0.543749988079071 0.604687511920929 0.551562488079071 0.6171875 0.551562488079071 0.6171875 0.510937511920929 0.6187499761581421 0.5093749761581421 0.6187499761581421 0.5015624761581421 0.620312511920929 0.5 0.620312511920929 0.49687498807907104 0.621874988079071 0.49531251192092896 0.6265624761581421 0.49531251192092896 0.6265624761581421 0.4609375 0.621874988079071 0.4609375 0.6187499761581421 0.45781248807907104 0.6187499761581421 0.44062501192092896 0.6171875 0.4390625059604645 0.6171875 0.43437498807907104
5 0.24062499403953552 0.453125 0.24062499403953552 0.4984374940395355 0.24531249701976776 0.4984374940395355 0.24687500298023224 0.5 0.24687500298023224 0.503125011920929 0.24843749403953552 0.504687488079071 0.24843749403953552 0.5140625238418579 0.25468748807907104 0.5140625238418579 0.25468748807907104 0.5062500238418579 0.2562499940395355 0.504687488079071 0.2562499940395355 0.49687498807907104 0.2578125 0.49531251192092896 0.2578125 0.4921875 0.2593750059604645 0.4906249940395355 0.2640624940395355 0.4906249940395355 0.2640624940395355 0.46562498807907104 0.2593750059604645 0.46562498807907104 0.2562499940395355 0.4625000059604645 0.2562499940395355 0.453125
5 0.703125 0.47187501192092896 0.703125 0.512499988079071 0.707812488079071 0.512499988079071 0.7109375 0.515625 0.7109375 0.5218750238418579 0.7124999761581421 0.5234375 0.7124999761581421 0.535937488079071 0.714062511920929 0.5375000238418579 0.714062511920929 0.5453125238418579 0.715624988079071 0.546875 0.715624988079071 0.551562488079071 0.723437488079071 0.551562488079071 0.723437488079071 0.546875 0.7265625 0.543749988079071 0.7281249761581421 0.543749988079071 0.729687511920929 0.542187511920929 0.739062488079071 0.542187511920929 0.739062488079071 0.49531251192092896 0.7328125238418579 0.49531251192092896 0.731249988079071 0.4937500059604645 0.731249988079071 0.4921875 0.729687511920929 0.4906249940395355 0.729687511920929 0.48906248807907104 0.7250000238418579 0.484375 0.7250000238418579 0.47187501192092896