4 0.548438 0.489583 0.009375 0.034722
4 0.485156 0.489583 0.009375 0.034722
4 0.504688 0.440278 0.010938 0.047222
4 0.356250 0.429167 0.009375 0.044444
4 0.288281 0.439583 0.009375 0.045833
4 0.707031 0.445833 0.012500 0.044444
4 0.690234 0.464583 0.014844 0.043056
4 0.600391 0.518056 0.007031 0.033333
1 0.565234 0.630556 0.019531 0.041667
1 0.540234 0.643750 0.030469 0.059722
1 0.518750 0.665972 0.050000 0.112500
1 0.296484 0.639583 0.049219 0.076389
1 0.371484 0.638889 0.130469 0.175000
1 0.427344 0.750000 0.232813 0.366667
1 0.662500 0.721528 0.246875 0.240278
1 0.885938 0.742361 0.226562 0.512500
0 0.325000 0.425694 0.015625 0.026389
0 0.667188 0.581944 0.021875 0.055556
0 0.737109 0.579167 0.011719 0.016667
