4 0.450000 0.589583 0.023438 0.040278
1 0.189063 0.638194 0.050000 0.051389
1 0.126953 0.641667 0.060156 0.063889
1 0.050000 0.660417 0.100000 0.118056
1 0.408203 0.609722 0.046094 0.069444
1 0.292187 0.641667 0.129688 0.163889
3 0.592187 0.572917 0.028125 0.106944
4 0.910156 0.637500 0.085938 0.094444
3 0.780078 0.559722 0.060156 0.244444
1 0.877344 0.534028 0.190625 0.181944
3 0.558203 0.577778 0.019531 0.094444

5 0.578125 0.515625 0.578125 0.6078125238418579 0.582812488079071 0.6078125238418579 0.5843750238418579 0.609375 0.5843750238418579 0.612500011920929 0.5859375 0.614062488079071 0.5859375 0.6265624761581421 0.5874999761581421 0.628125011920929 0.5874999761581421 0.6328125 0.6000000238418579 0.6328125 0.6000000238418579 0.6078125238418579 0.6015625 0.606249988079071 0.6015625 0.5843750238418579 0.6031249761581421 0.582812488079071 0.6078125238418579 0.582812488079071 0.6078125238418579 0.5375000238418579 0.6031249761581421 0.5375000238418579 0.6000000238418579 0.534375011920929 0.6000000238418579 0.53125 0.598437488079071 0.5296875238418579 0.598437488079071 0.5249999761581421 0.596875011920929 0.5234375 0.596875011920929 0.515625