4 0.325781 0.349306 0.004688 0.018056
4 0.604688 0.168750 0.014063 0.062500
4 0.871875 0.086111 0.025000 0.083333
4 0.137109 0.177778 0.011719 0.044444
4 0.615625 0.168056 0.009375 0.066667
0 0.014063 0.194444 0.028125 0.027778
0 0.064453 0.169444 0.033594 0.041667
0 0.378516 0.390972 0.008594 0.009722
0 0.465625 0.377778 0.015625 0.008333
4 0.285938 0.393056 0.010938 0.013889
0 0.656250 0.368750 0.012500 0.065278
0 0.671094 0.210417 0.037500 0.048611
0 0.746875 0.303472 0.028125 0.015278
0 0.729297 0.322917 0.032031 0.020833
0 0.725781 0.345139 0.017188 0.015278
4 0.746484 0.380556 0.027344 0.033333
1 0.433594 0.410417 0.007812 0.012500
1 0.400391 0.427083 0.013281 0.023611
1 0.375000 0.425000 0.014063 0.013889
1 0.354688 0.420139 0.012500 0.020833
1 0.348828 0.423611 0.014844 0.025000
1 0.336328 0.421528 0.013281 0.026389
1 0.294531 0.430556 0.026563 0.027778
1 0.271875 0.426389 0.023438 0.036111
1 0.250391 0.425000 0.032031 0.041667
1 0.226172 0.429167 0.038281 0.044444
1 0.204297 0.433333 0.033594 0.047222
1 0.173047 0.433333 0.057031 0.061111
1 0.137500 0.440278 0.050000 0.061111
1 0.422266 0.414583 0.024219 0.006944
1 0.417188 0.445139 0.035938 0.048611
1 0.460547 0.445139 0.066406 0.081944
1 0.503125 0.445833 0.014063 0.036111
1 0.517578 0.450000 0.030469 0.041667
1 0.537109 0.459028 0.033594 0.043056
1 0.554688 0.464583 0.029688 0.045833
1 0.577344 0.472222 0.039062 0.058333
4 0.388281 0.417361 0.010938 0.029167
1 0.321875 0.431250 0.028125 0.034722
1 0.617578 0.487500 0.075781 0.088889
0 0.509375 0.338889 0.046875 0.027778
1 0.059766 0.430556 0.119531 0.122222
3 0.185547 0.393056 0.007031 0.013889
3 0.192969 0.393056 0.007812 0.013889
3 0.469922 0.459028 0.039844 0.109722
