4 0.459375 0.434028 0.009375 0.045833
1 0.451172 0.440278 0.007031 0.044444
4 0.420703 0.423611 0.046094 0.091667
1 0.411719 0.455556 0.028125 0.075000
1 0.374219 0.450000 0.073438 0.122222
1 0.351953 0.477083 0.069531 0.129167
1 0.230078 0.510417 0.241406 0.243056
1 0.122656 0.468056 0.190625 0.222222
1 0.035547 0.560417 0.071094 0.198611
1 0.483203 0.444444 0.032031 0.050000
1 0.519922 0.440278 0.035156 0.055556
3 0.562500 0.437500 0.006250 0.038889
3 0.552344 0.434722 0.007812 0.047222
3 0.568359 0.434722 0.010156 0.038889
0 0.547266 0.363889 0.017969 0.022222
0 0.083594 0.261111 0.028125 0.030556
