1 0.111719 0.286111 0.135938 0.138889
1 0.294531 0.262500 0.045313 0.061111
1 0.025781 0.313889 0.051563 0.194444
3 0.444531 0.297917 0.025000 0.120833
3 0.473438 0.288889 0.029688 0.102778
3 0.576953 0.277778 0.017969 0.075000
3 0.566797 0.282639 0.013281 0.065278
3 0.691016 0.295833 0.019531 0.094444
3 0.717188 0.301389 0.018750 0.102778
4 0.135156 0.089583 0.020313 0.051389
4 0.046484 0.156944 0.014844 0.030556
4 0.376953 0.096528 0.011719 0.034722
4 0.426172 0.167361 0.008594 0.026389
0 0.424219 0.099306 0.010938 0.020833
0 0.423047 0.136806 0.016406 0.034722
0 0.391406 0.115278 0.017188 0.027778
1 0.614063 0.278472 0.053125 0.048611
3 0.501563 0.295833 0.018750 0.091667
4 0.703906 0.054861 0.021875 0.073611

5 0.22187499701976776 0.22187499701976776 0.22187499701976776 0.2828125059604645 0.23906250298023224 0.2828125059604645 0.23906250298023224 0.22187499701976776