4 0.856250 0.114583 0.017188 0.065278
4 0.343750 0.088889 0.018750 0.075000
4 0.234375 0.342361 0.015625 0.037500
4 0.215625 0.343056 0.017188 0.036111
4 0.899609 0.293750 0.022656 0.040278
4 0.862109 0.304861 0.010156 0.037500
4 0.369531 0.088889 0.017188 0.069444
0 0.247656 0.308333 0.046875 0.086111
0 0.249609 0.254861 0.022656 0.023611
0 0.247656 0.236806 0.034375 0.018056
0 0.296484 0.163889 0.097656 0.075000
0 0.877344 0.177778 0.040625 0.027778
0 0.897266 0.215278 0.038281 0.027778
0 0.341797 0.358333 0.014844 0.027778
4 0.475000 0.389583 0.006250 0.020833
4 0.573438 0.370139 0.007812 0.029167
0 0.601953 0.375694 0.021094 0.012500
3 0.355078 0.448611 0.016406 0.072222
3 0.382031 0.443750 0.010938 0.062500
3 0.979297 0.366667 0.016406 0.025000
3 0.861328 0.406250 0.019531 0.062500
3 0.788281 0.435417 0.015625 0.093056
3 0.769141 0.431250 0.014844 0.079167
3 0.403906 0.433333 0.009375 0.033333
1 0.458594 0.440278 0.015625 0.033333
1 0.444141 0.438194 0.013281 0.023611
1 0.416797 0.459722 0.053906 0.061111
1 0.496484 0.438889 0.028906 0.030556
1 0.573438 0.441667 0.015625 0.016667
1 0.472656 0.447222 0.032813 0.047222
1 0.519922 0.441667 0.022656 0.038889
1 0.555469 0.444444 0.028125 0.044444
1 0.662500 0.450000 0.159375 0.155556
1 0.957031 0.463889 0.084375 0.225000

5 0.34843748807907104 0.4281249940395355 0.34843748807907104 0.43281251192092896 0.3453125059604645 0.4359374940395355 0.34062498807907104 0.4359374940395355 0.34062498807907104 0.4703125059604645 0.3453125059604645 0.4703125059604645 0.34687501192092896 0.47187501192092896 0.34687501192092896 0.47343748807907104 0.34843748807907104 0.4749999940395355 0.34843748807907104 0.4781250059604645 0.3499999940395355 0.47968751192092896 0.3499999940395355 0.48124998807907104 0.3531250059604645 0.484375 0.3531250059604645 0.48906248807907104 0.36406248807907104 0.48906248807907104 0.36406248807907104 0.4281249940395355
5 0.846875011920929 0.3968749940395355 0.846875011920929 0.40937501192092896 0.8453124761581421 0.41093748807907104 0.8453124761581421 0.4124999940395355 0.84375 0.4140625 0.84375 0.4156250059604645 0.832812488079071 0.42656248807907104 0.828125 0.42656248807907104 0.828125 0.4671874940395355 0.832812488079071 0.4671874940395355 0.8343750238418579 0.46875 0.8343750238418579 0.4828124940395355 0.8359375 0.484375 0.8359375 0.5078125 0.859375 0.5078125 0.859375 0.4906249940395355 0.8609374761581421 0.48906248807907104 0.8609374761581421 0.4828124940395355 0.862500011920929 0.48124998807907104 0.862500011920929 0.4765625 0.864062488079071 0.4749999940395355 0.864062488079071 0.4703125059604645 0.8656250238418579 0.46875 0.870312511920929 0.46875 0.870312511920929 0.421875 0.8656250238418579 0.421875 0.864062488079071 0.4203124940395355 0.864062488079071 0.4156250059604645 0.8656250238418579 0.4140625 0.870312511920929 0.4140625 0.870312511920929 0.3968749940395355