4 0.371094 0.259028 0.009375 0.051389
0 0.075000 0.407639 0.018750 0.018056
4 0.597656 0.255556 0.012500 0.025000
4 0.614453 0.353472 0.014844 0.026389
4 0.721875 0.400694 0.007812 0.015278
4 0.360547 0.263889 0.014844 0.058333
4 0.338281 0.435417 0.006250 0.023611
4 0.352344 0.429861 0.004688 0.015278
4 0.054297 0.293750 0.011719 0.054167
4 0.043750 0.360417 0.010938 0.048611
4 0.065234 0.300694 0.011719 0.054167
4 0.040625 0.298611 0.014063 0.058333
4 0.380469 0.259028 0.009375 0.048611
1 0.761328 0.431944 0.019531 0.022222
1 0.742188 0.435417 0.023438 0.026389
1 0.721484 0.429861 0.021094 0.029167
1 0.717578 0.442361 0.019531 0.023611
1 0.700000 0.444444 0.023438 0.036111
1 0.681250 0.449306 0.023438 0.034722
1 0.658203 0.450000 0.032031 0.044444
1 0.632422 0.452778 0.030469 0.047222
1 0.600391 0.456944 0.041406 0.055556
1 0.572656 0.459722 0.037500 0.055556
1 0.526953 0.461111 0.058594 0.061111
1 0.150000 0.518056 0.056250 0.058333
1 0.113672 0.520139 0.033594 0.054167
1 0.077734 0.500694 0.025781 0.015278
1 0.077344 0.534722 0.065625 0.066667
1 0.439453 0.509722 0.135156 0.216667
1 0.877344 0.431250 0.206250 0.148611
3 0.743359 0.441667 0.016406 0.061111
0 0.465234 0.242361 0.058594 0.043056
0 0.600781 0.321528 0.025000 0.026389
0 0.651563 0.303472 0.029688 0.045833
0 0.614453 0.279861 0.019531 0.020833
4 0.050781 0.455556 0.020313 0.030556
4 0.019531 0.461111 0.017188 0.027778
0 0.028125 0.404861 0.025000 0.023611

5 0.734375 0.43437498807907104 0.734375 0.46875 0.7437499761581421 0.46875 0.745312511920929 0.4703125059604645 0.7515624761581421 0.4703125059604645 0.7515624761581421 0.43437498807907104
5 0.0859375 0.503125011920929 0.0859375 0.515625 0.08281250298023224 0.518750011920929 0.08281250298023224 0.520312488079071 0.078125 0.5249999761581421 0.07187499850988388 0.5249999761581421 0.07187499850988388 0.5562499761581421 0.078125 0.5562499761581421 0.08281250298023224 0.5609375238418579 0.08437500149011612 0.5609375238418579 0.0859375 0.5625 0.08749999850988388 0.5625 0.08906249701976776 0.5640624761581421 0.08906249701976776 0.5703125 0.09843750298023224 0.5703125 0.09843750298023224 0.565625011920929 0.1015625 0.5625 0.10312499850988388 0.5625 0.10781250149011612 0.557812511920929 0.10625000298023224 0.5562499761581421 0.10625000298023224 0.551562488079071 0.10781250149011612 0.550000011920929 0.10781250149011612 0.5484374761581421 0.109375 0.546875 0.11406250298023224 0.546875 0.11406250298023224 0.5328124761581421 0.109375 0.5328124761581421 0.10625000298023224 0.5296875238418579 0.10625000298023224 0.526562511920929 0.10468749701976776 0.5249999761581421 0.10468749701976776 0.5218750238418579 0.10312499850988388 0.520312488079071 0.10312499850988388 0.5171874761581421 0.10000000149011612 0.5140625238418579 0.10000000149011612 0.5093749761581421 0.09843750298023224 0.5078125 0.09843750298023224 0.503125011920929