4 0.381250 0.390972 0.007812 0.040278
4 0.523047 0.409722 0.008594 0.033333
4 0.290234 0.511111 0.013281 0.019444
4 0.625391 0.492361 0.011719 0.020833
4 0.458203 0.507639 0.005469 0.018056
4 0.488672 0.511806 0.007031 0.026389
4 0.390234 0.387500 0.010156 0.036111
4 0.206250 0.488194 0.020313 0.026389
0 0.221094 0.453472 0.026563 0.023611
0 0.208203 0.426389 0.024219 0.016667
0 0.692969 0.421528 0.025000 0.015278
1 0.460938 0.559722 0.018750 0.027778
1 0.417578 0.559028 0.017969 0.026389
1 0.396094 0.560417 0.021875 0.031944
1 0.371484 0.560417 0.033594 0.040278
1 0.149219 0.573611 0.089063 0.055556
1 0.552734 0.585417 0.138281 0.237500
1 0.660547 0.573611 0.069531 0.086111
1 0.754297 0.581250 0.125781 0.151389
1 0.977734 0.693056 0.042969 0.261111
1 0.890234 0.609722 0.217969 0.222222
3 0.244141 0.581250 0.013281 0.081944
