4 0.546484 0.120139 0.014844 0.062500
4 0.382812 0.242361 0.007812 0.040278
4 0.389844 0.245139 0.007812 0.034722
4 0.530859 0.125000 0.016406 0.072222
4 0.513672 0.158333 0.011719 0.055556
4 0.616797 0.270139 0.010156 0.034722
4 0.442578 0.307639 0.005469 0.029167
4 0.393750 0.342361 0.004688 0.023611
4 0.618750 0.343750 0.007812 0.015278
4 0.637500 0.370833 0.009375 0.011111
4 0.185547 0.233333 0.017969 0.047222
0 0.208203 0.033333 0.050781 0.066667
0 0.182031 0.174306 0.023438 0.045833
3 0.642188 0.407639 0.006250 0.037500
1 0.255078 0.423611 0.107031 0.058333
1 0.188672 0.418750 0.035156 0.051389
1 0.174609 0.415278 0.032031 0.044444
1 0.158203 0.434028 0.058594 0.079167
1 0.138281 0.435417 0.095313 0.090278
1 0.121094 0.457639 0.100000 0.123611
0 0.617578 0.236111 0.021094 0.008333
0 0.609766 0.301389 0.019531 0.013889
0 0.617188 0.132639 0.073438 0.031944
4 0.826172 0.294444 0.344531 0.588889
0 0.108203 0.313889 0.019531 0.047222
1 0.480078 0.437500 0.028906 0.022222
1 0.534375 0.436806 0.020313 0.012500
