4 0.310547 0.346528 0.013281 0.056944
4 0.815234 0.456250 0.011719 0.034722
3 0.952734 0.552778 0.027344 0.119444
3 0.983203 0.552778 0.021094 0.116667
2 0.860547 0.554861 0.016406 0.101389
1 0.400000 0.548611 0.042188 0.061111
1 0.369141 0.538194 0.017969 0.045833
1 0.340625 0.542361 0.039062 0.062500
0 0.480859 0.492361 0.014844 0.018056
1 0.467188 0.597917 0.128125 0.181944
4 0.830078 0.441667 0.013281 0.052778
1 0.992578 0.570139 0.013281 0.070833

5 0.8828125 0.953125 0.8828125 0.9593750238418579 0.8687499761581421 0.973437488079071 0.8671875 0.973437488079071 0.864062488079071 0.9765625 0.862500011920929 0.9765625 0.859375 0.979687511920929 0.8531249761581421 0.979687511920929 0.8531249761581421 0.9984375238418579 0.957812488079071 0.9984375238418579 0.957812488079071 0.9859374761581421 0.953125 0.9859374761581421 0.948437511920929 0.981249988079071 0.948437511920929 0.979687511920929 0.9437500238418579 0.9750000238418579 0.9437500238418579 0.973437488079071 0.942187488079071 0.971875011920929 0.942187488079071 0.9703124761581421 0.9375 0.965624988079071 0.9375 0.964062511920929 0.932812511920929 0.9593750238418579 0.932812511920929 0.953125
5 0.9437500238418579 0.503125011920929 0.9437500238418579 0.512499988079071 0.942187488079071 0.5140625238418579 0.942187488079071 0.515625 0.9390624761581421 0.518750011920929 0.934374988079071 0.518750011920929 0.934374988079071 0.574999988079071 0.9390624761581421 0.574999988079071 0.940625011920929 0.5765625238418579 0.940625011920929 0.582812488079071 0.942187488079071 0.5843750238418579 0.942187488079071 0.59375 0.9437500238418579 0.5953124761581421 0.9437500238418579 0.6031249761581421 0.9453125 0.604687511920929 0.9453125 0.606249988079071 0.948437511920929 0.609375 0.948437511920929 0.614062488079071 0.9609375 0.614062488079071 0.9609375 0.604687511920929 0.9624999761581421 0.6031249761581421 0.9624999761581421 0.59375 0.9609375 0.5921875238418579 0.9609375 0.5843750238418579 0.9624999761581421 0.582812488079071 0.9624999761581421 0.5703125 0.964062511920929 0.5687500238418579 0.964062511920929 0.5625 0.965624988079071 0.5609375238418579 0.9703124761581421 0.5609375238418579 0.9703124761581421 0.5328124761581421 0.965624988079071 0.5328124761581421 0.9609375 0.528124988079071 0.9609375 0.5249999761581421 0.9593750238418579 0.5234375 0.9593750238418579 0.5218750238418579 0.957812488079071 0.520312488079071 0.957812488079071 0.518750011920929 0.956250011920929 0.5171874761581421 0.956250011920929 0.503125011920929