4 0.414062 0.061111 0.029688 0.105556
4 0.639453 0.204167 0.022656 0.127778
4 0.600000 0.207639 0.023438 0.126389
4 0.181250 0.211111 0.014063 0.052778
4 0.171484 0.224306 0.013281 0.048611
0 0.151172 0.249306 0.013281 0.045833
0 0.126172 0.275000 0.064844 0.022222
0 0.510938 0.080556 0.028125 0.066667
4 0.102734 0.362500 0.022656 0.022222
0 0.112500 0.324306 0.009375 0.023611
0 0.236328 0.367361 0.010156 0.018056
1 0.399609 0.411111 0.016406 0.025000
1 0.347266 0.413889 0.013281 0.030556
1 0.333984 0.415972 0.025781 0.040278
1 0.410547 0.407639 0.003906 0.012500
1 0.414453 0.409722 0.007031 0.022222
1 0.422656 0.411806 0.014063 0.020833
1 0.220313 0.425000 0.073438 0.086111
1 0.288281 0.416667 0.076563 0.097222
1 0.374219 0.419444 0.046875 0.080556
1 0.033594 0.444444 0.067187 0.094444
1 0.117969 0.433333 0.131250 0.125000
1 0.911328 0.377083 0.064844 0.068056
1 0.921094 0.389583 0.060938 0.079167
1 0.747266 0.359028 0.038281 0.034722
1 0.644922 0.453472 0.282031 0.234722
1 0.814844 0.387500 0.145313 0.100000
1 0.964063 0.393056 0.070312 0.202778
3 0.462891 0.414583 0.011719 0.037500
4 0.441406 0.359028 0.009375 0.015278
0 0.110938 0.246528 0.018750 0.023611
0 0.454688 0.317361 0.012500 0.006944
