1 0.291016 0.358333 0.030469 0.033333
1 0.270313 0.361806 0.032813 0.040278
1 0.235938 0.368056 0.054688 0.058333
1 0.142187 0.380556 0.135938 0.097222
1 0.366406 0.359722 0.025000 0.030556
1 0.394922 0.354861 0.027344 0.051389
1 0.330078 0.361111 0.049219 0.077778
1 0.468359 0.442361 0.178906 0.251389
1 0.952734 0.375000 0.091406 0.133333
4 0.041797 0.322222 0.083594 0.458333
0 0.551953 0.221528 0.017969 0.020833
4 0.554297 0.287500 0.013281 0.027778
4 0.537891 0.290278 0.007031 0.019444
4 0.038672 0.095139 0.022656 0.037500
4 0.019141 0.081250 0.013281 0.059722
4 0.657031 0.011111 0.018750 0.022222
4 0.633203 0.013889 0.013281 0.027778
4 0.351953 0.323611 0.010156 0.022222
3 0.789453 0.393750 0.013281 0.098611
