0 0.389453 0.599306 0.016406 0.015278
0 0.743359 0.314583 0.180469 0.095833
0 0.918359 0.415972 0.028906 0.051389
4 0.518359 0.588194 0.005469 0.020833
4 0.585938 0.588889 0.006250 0.022222
1 0.460938 0.679861 0.032813 0.040278
1 0.528125 0.690278 0.029688 0.055556
1 0.401172 0.693056 0.050781 0.072222
1 0.361719 0.698611 0.073438 0.083333
1 0.288281 0.692361 0.109375 0.118056
1 0.192578 0.707639 0.161719 0.154167
1 0.496875 0.693056 0.053125 0.069444
1 0.578906 0.726389 0.117188 0.155556
3 0.804688 0.675694 0.020313 0.062500
1 0.083203 0.734028 0.164844 0.240278
4 0.744141 0.665278 0.192969 0.208333
4 0.523438 0.633333 0.009375 0.016667
