4 0.362891 0.246528 0.016406 0.054167
4 0.342578 0.243056 0.010156 0.055556
4 0.326172 0.325000 0.011719 0.047222
4 0.800391 0.431250 0.021094 0.026389
0 0.828125 0.418750 0.012500 0.018056
0 0.310156 0.380556 0.023438 0.052778
0 0.322266 0.438889 0.014844 0.030556
0 0.296094 0.302778 0.017188 0.016667
0 0.329297 0.278472 0.019531 0.034722
4 0.292969 0.445833 0.012500 0.027778
1 0.046875 0.558333 0.092188 0.091667
2 0.520313 0.484028 0.007812 0.018056
1 0.510156 0.478472 0.007812 0.015278
1 0.503125 0.482639 0.006250 0.015278
1 0.496875 0.486111 0.014063 0.025000
1 0.487500 0.502778 0.025000 0.047222
1 0.471875 0.483333 0.007812 0.016667
1 0.451172 0.515972 0.049219 0.065278
1 0.432031 0.535417 0.050000 0.065278
1 0.532031 0.478472 0.006250 0.015278
1 0.538281 0.482639 0.006250 0.015278
1 0.547266 0.490278 0.016406 0.030556
4 0.569141 0.489583 0.033594 0.054167
1 0.569531 0.514583 0.015625 0.048611
1 0.586328 0.515972 0.035156 0.051389
1 0.606641 0.534722 0.053906 0.075000
1 0.971094 0.557639 0.056250 0.090278
3 0.977344 0.506250 0.026563 0.045833
4 0.396875 0.537500 0.018750 0.052778
4 0.666406 0.520833 0.017188 0.050000
4 0.694531 0.522222 0.014063 0.047222
4 0.710156 0.525694 0.023438 0.065278
