0 0.784375 0.654861 0.056250 0.056944
1 0.240234 0.865278 0.007031 0.005556
1 0.300391 0.854167 0.010156 0.016667
1 0.306250 0.861806 0.012500 0.012500
1 0.277344 0.859722 0.004688 0.013889
1 0.285156 0.862500 0.014063 0.025000
1 0.291016 0.867361 0.014844 0.023611
1 0.303516 0.890972 0.032031 0.045833
1 0.413672 0.886806 0.049219 0.079167
1 0.193359 0.871528 0.011719 0.015278
1 0.128906 0.881250 0.007812 0.015278
1 0.061719 0.894444 0.017188 0.019444
1 0.024219 0.900694 0.025000 0.026389
1 0.263281 0.866667 0.018750 0.019444
1 0.747266 0.844444 0.075781 0.063889
1 0.635547 0.838889 0.032031 0.025000
1 0.825781 0.817361 0.042188 0.040278
1 0.259375 0.919444 0.059375 0.091667
1 0.344922 0.895833 0.064844 0.094444
1 0.491797 0.923611 0.183594 0.147222
1 0.128906 0.912500 0.034375 0.038889
4 0.908203 0.750000 0.180469 0.494444
