1 0.498828 0.314583 0.011719 0.015278
1 0.496484 0.324306 0.014844 0.012500
1 0.477734 0.311111 0.010156 0.011111
1 0.476953 0.311806 0.010156 0.009722
1 0.460938 0.354167 0.056250 0.063889
1 0.509766 0.322222 0.008594 0.013889
1 0.512891 0.326389 0.011719 0.008333
1 0.514453 0.336111 0.014844 0.022222
1 0.523828 0.344444 0.022656 0.030556
1 0.527344 0.356944 0.023438 0.038889
1 0.542578 0.384722 0.036719 0.055556
1 0.561719 0.402083 0.046875 0.068056
1 0.610547 0.418056 0.077344 0.105556
1 0.419531 0.352778 0.023438 0.036111
4 0.433594 0.323611 0.035938 0.072222
1 0.390625 0.384028 0.018750 0.048611
1 0.382031 0.385417 0.023438 0.048611
1 0.367188 0.381944 0.026563 0.066667
1 0.314063 0.350694 0.037500 0.020833
1 0.338672 0.383333 0.055469 0.075000
1 0.300781 0.398611 0.068750 0.077778
1 0.212109 0.409722 0.117969 0.111111
1 0.031641 0.436111 0.063281 0.200000
1 0.708594 0.480556 0.195312 0.202778
1 0.477734 0.400000 0.078906 0.133333
0 0.573438 0.328472 0.015625 0.034722
4 0.556250 0.296528 0.007812 0.018056
4 0.562500 0.325000 0.004688 0.016667
0 0.633203 0.227083 0.021094 0.015278
0 0.594922 0.320833 0.010156 0.030556
0 0.358594 0.265278 0.023438 0.016667
0 0.346875 0.281250 0.020313 0.009722
0 0.344922 0.230556 0.011719 0.047222
0 0.240625 0.290972 0.015625 0.031944
0 0.237109 0.261806 0.013281 0.026389
3 0.147266 0.398611 0.022656 0.105556
4 0.601953 0.231250 0.010156 0.034722
4 0.626563 0.282639 0.012500 0.040278
3 0.636328 0.349306 0.011719 0.031944

5 0.13437500596046448 0.34687501192092896 0.13437500596046448 0.40625 0.13906249403953552 0.40625 0.14218750596046448 0.40937501192092896 0.14218750596046448 0.4203124940395355 0.14374999701976776 0.421875 0.14374999701976776 0.4234375059604645 0.14218750596046448 0.42500001192092896 0.14218750596046448 0.4281249940395355 0.14374999701976776 0.4296875 0.14374999701976776 0.4515624940395355 0.15468749403953552 0.4515624940395355 0.15468749403953552 0.41093748807907104 0.15625 0.40937501192092896 0.15625 0.3968749940395355 0.15781250596046448 0.39531248807907104 0.15781250596046448 0.3921875059604645 0.15937499701976776 0.390625 0.1640625 0.390625 0.1640625 0.3734374940395355 0.15937499701976776 0.3734374940395355 0.15625 0.37031251192092896 0.15625 0.3687500059604645 0.15468749403953552 0.3671875 0.15468749403953552 0.36406248807907104 0.15312500298023224 0.36250001192092896 0.15312500298023224 0.359375 0.15156249701976776 0.3578124940395355 0.15156249701976776 0.3531250059604645 0.15000000596046448 0.3515625 0.15000000596046448 0.34687501192092896