4 0.814063 0.268750 0.032813 0.059722
4 0.382812 0.155556 0.012500 0.058333
4 0.362891 0.347917 0.007031 0.023611
4 0.242969 0.336806 0.009375 0.029167
4 0.345703 0.369444 0.003906 0.019444
4 0.375391 0.372222 0.005469 0.019444
4 0.404688 0.379167 0.010938 0.019444
4 0.203906 0.370833 0.007812 0.022222
0 0.435547 0.168056 0.022656 0.047222
0 0.504688 0.329861 0.018750 0.045833
0 0.428125 0.338889 0.010938 0.027778
0 0.401172 0.341667 0.008594 0.019444
0 0.208203 0.329167 0.024219 0.013889
0 0.211328 0.343056 0.011719 0.016667
1 0.332422 0.396528 0.011719 0.015278
1 0.319531 0.397917 0.009375 0.018056
1 0.300391 0.396528 0.010156 0.015278
1 0.310938 0.406250 0.010938 0.020833
1 0.272266 0.397917 0.011719 0.018056
1 0.348047 0.394444 0.013281 0.011111
1 0.352344 0.404861 0.021875 0.023611
1 0.385547 0.404861 0.014844 0.023611
1 0.450781 0.404861 0.068750 0.043056
0 0.432813 0.360417 0.021875 0.018056
1 0.121484 0.394444 0.064844 0.050000
1 0.910156 0.464583 0.170313 0.148611
4 0.954297 0.394444 0.086719 0.086111
1 0.776172 0.440972 0.155469 0.115278
4 0.397266 0.156944 0.011719 0.058333
0 0.175391 0.348611 0.011719 0.008333
0 0.177734 0.370833 0.008594 0.013889
4 0.228125 0.381250 0.029688 0.056944
0 0.569531 0.253472 0.018750 0.015278
4 0.570312 0.334028 0.018750 0.031944
