0 0.533203 0.364583 0.016406 0.020833
0 0.477344 0.373611 0.012500 0.027778
0 0.455078 0.357639 0.014844 0.018056
0 0.454688 0.379167 0.032813 0.022222
0 0.459375 0.397917 0.020313 0.015278
0 0.367188 0.275694 0.076563 0.093056
0 0.286719 0.280556 0.076563 0.088889
0 0.601953 0.361806 0.013281 0.026389
0 0.557031 0.374306 0.009375 0.015278
0 0.626953 0.369444 0.017969 0.016667
0 0.653125 0.360417 0.012500 0.026389
0 0.738672 0.345139 0.016406 0.037500
0 0.058984 0.390278 0.021094 0.025000
0 0.041016 0.390972 0.014844 0.023611
0 0.166406 0.414583 0.007812 0.020833
4 0.315625 0.333333 0.009375 0.016667
4 0.375000 0.327778 0.007812 0.022222
4 0.408594 0.325694 0.010938 0.026389
1 0.343359 0.434028 0.007031 0.031944
1 0.324609 0.443056 0.036719 0.036111
1 0.207813 0.418750 0.020313 0.012500
1 0.189844 0.433333 0.032813 0.033333
1 0.164062 0.442361 0.029688 0.026389
1 0.128906 0.445833 0.075000 0.030556
1 0.096484 0.458333 0.055469 0.033333
1 0.069141 0.463194 0.055469 0.043056
1 0.032813 0.469444 0.064063 0.058333
3 0.246484 0.465972 0.049219 0.134722
3 0.562891 0.426389 0.013281 0.069444
3 0.620703 0.433333 0.016406 0.083333
3 0.613281 0.420139 0.010938 0.081944
4 0.379297 0.418750 0.072656 0.081944
1 0.585547 0.422222 0.036719 0.063889
1 0.526563 0.433333 0.060938 0.083333
1 0.471484 0.475694 0.097656 0.129167
1 0.640625 0.425694 0.031250 0.070833
1 0.675781 0.429167 0.071875 0.088889
1 0.713672 0.446528 0.121094 0.104167
4 0.818359 0.370833 0.074219 0.083333
4 0.947656 0.304861 0.101562 0.034722
1 0.894141 0.432639 0.208594 0.231944
1 0.814844 0.600000 0.367188 0.394444

5 0.234375 0.40312498807907104 0.234375 0.4156250059604645 0.23593750596046448 0.41718751192092896 0.23593750596046448 0.43437498807907104 0.23281249403953552 0.4375 0.22812500596046448 0.4375 0.22812500596046448 0.515625 0.23281249403953552 0.515625 0.23593750596046448 0.518750011920929 0.23593750596046448 0.526562511920929 0.25468748807907104 0.526562511920929 0.25468748807907104 0.5218750238418579 0.2562499940395355 0.520312488079071 0.2562499940395355 0.518750011920929 0.2578125 0.5171874761581421 0.2578125 0.515625 0.2593750059604645 0.5140625238418579 0.2593750059604645 0.5015624761581421 0.26249998807907104 0.4984374940395355 0.2640624940395355 0.4984374940395355 0.265625 0.49687498807907104 0.2671875059604645 0.49687498807907104 0.2671875059604645 0.49531251192092896 0.26875001192092896 0.4937500059604645 0.26875001192092896 0.48906248807907104 0.2671875059604645 0.48750001192092896 0.2671875059604645 0.4781250059604645 0.265625 0.4765625 0.265625 0.47187501192092896 0.2640624940395355 0.4703125059604645 0.2640624940395355 0.4671874940395355 0.26249998807907104 0.46562498807907104 0.26249998807907104 0.4609375 0.26093751192092896 0.4593749940395355 0.26093751192092896 0.4453125 0.2593750059604645 0.4437499940395355 0.2593750059604645 0.4296875 0.2578125 0.4281249940395355 0.2578125 0.4203124940395355 0.2562499940395355 0.41874998807907104 0.2562499940395355 0.41718751192092896 0.25468748807907104 0.4156250059604645 0.25468748807907104 0.40312498807907104
5 0.609375 0.40312498807907104 0.609375 0.4703125059604645 0.6234375238418579 0.4703125059604645 0.6234375238418579 0.4625000059604645 0.625 0.4609375 0.625 0.4437499940395355 0.6265624761581421 0.44218748807907104 0.6265624761581421 0.44062501192092896 0.628125011920929 0.4390625059604645 0.6328125 0.4390625059604645 0.6328125 0.40937501192092896 0.628125011920929 0.40937501192092896 0.6265624761581421 0.4078125059604645 0.6265624761581421 0.40312498807907104