0 0.945703 0.201389 0.046094 0.022222
1 0.033984 0.450000 0.067969 0.111111
1 0.103516 0.437500 0.110156 0.100000
1 0.259375 0.423611 0.079688 0.086111
1 0.325000 0.427083 0.085938 0.079167
1 0.985156 0.522917 0.025000 0.134722
1 0.907422 0.454861 0.182031 0.195833
1 0.727344 0.429861 0.082813 0.087500
1 0.686719 0.419444 0.046875 0.080556
1 0.656641 0.408333 0.061719 0.083333
1 0.614844 0.411806 0.029688 0.037500
1 0.595703 0.403472 0.017969 0.037500
1 0.580859 0.404861 0.011719 0.031944
1 0.554688 0.403472 0.035938 0.043056
1 0.483984 0.397917 0.027344 0.031944
1 0.389453 0.411806 0.027344 0.023611
1 0.408984 0.405556 0.011719 0.019444
1 0.423828 0.402083 0.013281 0.018056
4 0.582813 0.363889 0.007812 0.022222
