0 0.331641 0.372917 0.063281 0.051389
0 0.396094 0.342361 0.020313 0.015278
0 0.388281 0.371528 0.034375 0.048611
0 0.478516 0.336111 0.014844 0.016667
0 0.479688 0.366667 0.053125 0.044444
0 0.531250 0.363889 0.043750 0.063889
0 0.437500 0.371528 0.031250 0.034722
0 0.520313 0.425000 0.021875 0.019444
0 0.504297 0.434028 0.021094 0.015278
4 0.407031 0.473611 0.053125 0.100000
4 0.444531 0.465278 0.032813 0.077778
1 0.352344 0.477778 0.035938 0.038889
1 0.327344 0.475000 0.020313 0.033333
1 0.310156 0.484028 0.035938 0.026389
1 0.250391 0.479167 0.050781 0.036111
1 0.222656 0.482639 0.029688 0.029167
1 0.182031 0.485417 0.034375 0.029167
1 0.395313 0.493750 0.056250 0.081944
1 0.491797 0.515278 0.100781 0.150000
1 0.723828 0.477083 0.089844 0.204167
4 0.609766 0.412500 0.155469 0.288889
1 0.851172 0.547222 0.292969 0.561111
1 0.083203 0.454861 0.067969 0.029167
