0 0.173047 0.089583 0.041406 0.084722
0 0.176563 0.246528 0.025000 0.037500
0 0.208594 0.286111 0.018750 0.041667
0 0.590234 0.292361 0.025781 0.037500
0 0.586719 0.344444 0.028125 0.041667
4 0.149219 0.317361 0.028125 0.045833
4 0.351172 0.196528 0.016406 0.079167
4 0.528125 0.262500 0.018750 0.069444
0 0.413281 0.384028 0.009375 0.012500
0 0.599219 0.406250 0.014063 0.026389
1 0.244531 0.629167 0.487500 0.569444
1 0.624219 0.509028 0.154688 0.087500
3 0.448047 0.440972 0.016406 0.084722
3 0.480859 0.447917 0.030469 0.131944
