1 0.453516 0.470833 0.085156 0.144444
1 0.264453 0.479861 0.142969 0.170833
1 0.185156 0.465278 0.068750 0.125000
1 0.363672 0.443056 0.075781 0.088889
1 0.414062 0.424306 0.029688 0.054167
1 0.508203 0.441667 0.028906 0.044444
1 0.537109 0.447222 0.038281 0.069444
1 0.576953 0.457639 0.075781 0.101389
4 0.381641 0.310417 0.014844 0.026389
4 0.468750 0.318750 0.012500 0.023611
4 0.285547 0.381250 0.007031 0.018056
4 0.480078 0.381944 0.008594 0.013889
4 0.471875 0.379167 0.009375 0.019444
4 0.466406 0.379861 0.007812 0.023611
1 0.647656 0.431944 0.062500 0.069444
