0 0.505859 0.411111 0.017969 0.050000
1 0.412500 0.480556 0.012500 0.036111
1 0.425781 0.495833 0.014063 0.044444
1 0.444141 0.500694 0.019531 0.054167
1 0.472656 0.513194 0.029688 0.079167
1 0.528906 0.496528 0.092188 0.131944
1 0.610156 0.522917 0.114063 0.129167
1 0.161719 0.474306 0.040625 0.062500
1 0.108984 0.477778 0.060156 0.069444
1 0.048828 0.472917 0.096094 0.098611
1 0.250000 0.475000 0.071875 0.069444
1 0.343359 0.496528 0.100781 0.162500
1 0.928516 0.613194 0.135156 0.181944
1 0.774219 0.545833 0.214063 0.186111
4 0.242188 0.394444 0.010938 0.022222
4 0.240234 0.425000 0.021094 0.022222
4 0.434766 0.416667 0.014844 0.022222
