1 0.917188 0.533333 0.160938 0.136111
1 0.629297 0.501389 0.061719 0.094444
1 0.589453 0.494444 0.014844 0.058333
1 0.573438 0.495833 0.017188 0.047222
1 0.557422 0.488889 0.013281 0.030556
1 0.539062 0.488194 0.015625 0.037500
1 0.513281 0.481250 0.032813 0.045833
0 0.612891 0.409722 0.010156 0.013889
0 0.709375 0.331250 0.028125 0.056944
1 0.437500 0.493750 0.018750 0.020833
1 0.483984 0.486111 0.014844 0.025000
0 0.729297 0.334722 0.010156 0.033333
1 0.457031 0.490972 0.015625 0.023611
1 0.395313 0.500000 0.034375 0.038889
1 0.350781 0.506944 0.051563 0.061111
