0 0.939844 0.139583 0.056250 0.140278
0 0.401172 0.461806 0.014844 0.023611
1 0.309766 0.456944 0.011719 0.011111
1 0.284766 0.470139 0.017969 0.029167
1 0.303125 0.474306 0.023438 0.031944
1 0.247266 0.470833 0.013281 0.025000
1 0.259766 0.478472 0.038281 0.031944
1 0.216797 0.468750 0.030469 0.043056
1 0.190234 0.473611 0.049219 0.038889
1 0.150391 0.464583 0.063281 0.065278
1 0.413281 0.490278 0.026563 0.041667
1 0.457813 0.507639 0.075000 0.106944
1 0.351953 0.519444 0.108594 0.166667
1 0.026953 0.459722 0.053906 0.083333
1 0.946875 0.547917 0.101562 0.337500
