4 0.507422 0.548611 0.016406 0.075000
4 0.638672 0.334028 0.019531 0.081944
4 0.498047 0.567361 0.010156 0.037500
4 0.944531 0.571528 0.014063 0.045833
4 0.954297 0.572222 0.025781 0.030556
0 0.082813 0.540278 0.015625 0.030556
0 0.081641 0.585417 0.010156 0.056944
0 0.507422 0.488889 0.016406 0.030556
0 0.639844 0.276389 0.017188 0.022222
0 0.514844 0.675000 0.025000 0.047222
0 0.979297 0.534028 0.024219 0.043056
3 0.783203 0.691667 0.021094 0.088889
1 0.576172 0.704167 0.021094 0.030556
1 0.603906 0.705556 0.017188 0.033333
4 0.497656 0.660417 0.067187 0.131944
4 0.686328 0.668056 0.113281 0.136111
1 0.072656 0.727083 0.093750 0.170833
4 0.344531 0.682639 0.040625 0.054167
4 0.930469 0.636111 0.137500 0.161111

5 0.7796875238418579 0.6468750238418579 0.7796875238418579 0.6546875238418579 0.778124988079071 0.65625 0.778124988079071 0.659375011920929 0.776562511920929 0.660937488079071 0.776562511920929 0.6625000238418579 0.7749999761581421 0.6640625 0.7749999761581421 0.667187511920929 0.7734375 0.668749988079071 0.7734375 0.6703125238418579 0.7718750238418579 0.671875 0.765625 0.671875 0.765625 0.682812511920929 0.770312488079071 0.682812511920929 0.7749999761581421 0.6875 0.7749999761581421 0.6890624761581421 0.776562511920929 0.690625011920929 0.7749999761581421 0.692187488079071 0.7749999761581421 0.703125 0.776562511920929 0.7046874761581421 0.776562511920929 0.706250011920929 0.778124988079071 0.707812488079071 0.778124988079071 0.7109375 0.7796875238418579 0.7124999761581421 0.7796875238418579 0.7328125238418579 0.785937488079071 0.7328125238418579 0.785937488079071 0.7250000238418579 0.7875000238418579 0.723437488079071 0.7875000238418579 0.714062511920929 0.7890625 0.7124999761581421 0.7890625 0.7109375 0.7906249761581421 0.7093750238418579 0.7953125238418579 0.7093750238418579 0.7953125238418579 0.692187488079071 0.7906249761581421 0.692187488079071 0.7890625 0.690625011920929 0.7890625 0.6875 0.7906249761581421 0.6859375238418579 0.7953125238418579 0.6859375238418579 0.7953125238418579 0.6468750238418579