0 0.365234 0.152778 0.019531 0.061111
1 0.203125 0.336111 0.060938 0.077778
1 0.255469 0.336111 0.076563 0.086111
1 0.338672 0.315972 0.017969 0.018056
1 0.319922 0.329861 0.033594 0.040278
1 0.616797 0.346528 0.027344 0.051389
1 0.640625 0.354167 0.045313 0.055556
1 0.666016 0.349306 0.041406 0.065278
1 0.737891 0.303472 0.114844 0.040278
1 0.961719 0.408333 0.073438 0.166667
1 0.803906 0.462500 0.348438 0.347222
1 0.570703 0.354167 0.083594 0.122222
1 0.439453 0.477083 0.317969 0.398611
3 0.274609 0.343750 0.032031 0.201389
4 0.289062 0.227083 0.006250 0.023611
4 0.281641 0.224306 0.005469 0.018056
0 0.366016 0.218056 0.008594 0.019444
0 0.413281 0.234028 0.007812 0.015278
0 0.446094 0.272917 0.006250 0.009722
4 0.219141 0.235417 0.007031 0.020833
