1 0.549219 0.567361 0.007812 0.020833
1 0.563281 0.563889 0.015625 0.022222
1 0.572266 0.585417 0.028906 0.045833
1 0.641016 0.594444 0.028906 0.066667
1 0.660156 0.604861 0.017188 0.043056
1 0.669531 0.606944 0.026563 0.041667
4 0.369141 0.535417 0.049219 0.026389
4 0.281250 0.524306 0.050000 0.054167
1 0.941406 0.662500 0.078125 0.058333
1 0.982422 0.713194 0.032031 0.098611
1 0.605859 0.598611 0.055469 0.083333
1 0.695703 0.609028 0.041406 0.056944
3 0.757812 0.615972 0.015625 0.056944
3 0.772656 0.621528 0.014063 0.045833
3 0.862109 0.623611 0.016406 0.038889
4 0.855859 0.511111 0.014844 0.055556
4 0.722656 0.464583 0.007812 0.037500
4 0.731641 0.463194 0.010156 0.034722
4 0.485156 0.452083 0.010938 0.031944
1 0.530859 0.583333 0.035156 0.055556
0 0.311328 0.419444 0.024219 0.016667
