1 0.893750 0.574306 0.207813 0.426389
1 0.405859 0.435417 0.028906 0.037500
1 0.440234 0.427083 0.016406 0.026389
1 0.466797 0.423611 0.013281 0.019444
1 0.517188 0.429167 0.018750 0.019444
1 0.477734 0.422222 0.008594 0.016667
1 0.457813 0.420139 0.007812 0.015278
1 0.490625 0.421528 0.014063 0.018056
4 0.480469 0.376389 0.007812 0.016667
4 0.416797 0.403472 0.007031 0.015278
0 0.511719 0.386806 0.007812 0.012500
0 0.426172 0.401389 0.005469 0.013889
0 0.403906 0.407639 0.007812 0.015278
4 0.442578 0.408333 0.005469 0.013889
0 0.635938 0.359722 0.010938 0.019444
