4 0.435547 0.359028 0.008594 0.018056
4 0.414844 0.361111 0.009375 0.016667
4 0.398047 0.363889 0.007031 0.011111
4 0.385938 0.365972 0.007812 0.015278
4 0.365625 0.365972 0.009375 0.015278
0 0.460156 0.325694 0.009375 0.023611
0 0.423438 0.329167 0.010938 0.025000
0 0.387500 0.329167 0.010938 0.025000
0 0.351953 0.330556 0.011719 0.022222
0 0.315625 0.327083 0.014063 0.023611
0 0.482031 0.342361 0.014063 0.026389
1 0.439063 0.397917 0.020313 0.029167
1 0.354688 0.428472 0.046875 0.070833
1 0.496875 0.400000 0.014063 0.036111
3 0.644531 0.382639 0.007812 0.029167
3 0.636328 0.385417 0.008594 0.029167
3 0.624609 0.387500 0.008594 0.038889
3 0.614063 0.390972 0.010938 0.043056
3 0.598047 0.393750 0.011719 0.045833
3 0.572656 0.395139 0.009375 0.043056
