4 0.268750 0.288889 0.007812 0.030556
4 0.349219 0.280556 0.007812 0.027778
4 0.420313 0.285417 0.007812 0.018056
4 0.157813 0.331250 0.010938 0.040278
0 0.489453 0.300694 0.014844 0.012500
0 0.510156 0.295139 0.015625 0.015278
0 0.517578 0.284722 0.013281 0.016667
4 0.495313 0.331250 0.010938 0.020833
4 0.221484 0.360417 0.013281 0.018056
4 0.219531 0.292361 0.009375 0.023611
1 0.374219 0.375694 0.026563 0.048611
1 0.464063 0.363194 0.015625 0.037500
1 0.646875 0.400694 0.126562 0.168056
1 0.787500 0.431944 0.254688 0.269444
3 0.908594 0.310417 0.025000 0.048611
3 0.867188 0.281250 0.018750 0.018056
3 0.496484 0.368056 0.013281 0.041667
4 0.575781 0.385417 0.076563 0.134722
4 0.435547 0.354861 0.014844 0.026389
4 0.339063 0.358333 0.032813 0.047222
4 0.296875 0.322917 0.009375 0.018056
1 0.213281 0.394444 0.037500 0.044444
1 0.446875 0.368750 0.023438 0.040278
1 0.411328 0.386806 0.047656 0.070833
1 0.308594 0.407639 0.084375 0.112500
1 0.137500 0.561111 0.275000 0.386111
1 0.905469 0.458333 0.187500 0.363889
4 0.070312 0.309028 0.140625 0.140278
3 0.517188 0.368056 0.012500 0.061111
