4 0.341016 0.196528 0.011719 0.051389
4 0.580859 0.118056 0.014844 0.066667
4 0.746875 0.320833 0.021875 0.044444
0 0.743359 0.226389 0.022656 0.019444
0 0.728125 0.246528 0.034375 0.023611
0 0.343750 0.261111 0.028125 0.022222
3 0.527734 0.427083 0.027344 0.137500
3 0.505469 0.430556 0.017188 0.127778
3 0.708594 0.405556 0.017188 0.069444
0 0.729297 0.317361 0.014844 0.059722
0 0.719141 0.269444 0.008594 0.013889
3 0.172266 0.416667 0.010156 0.041667
4 0.473438 0.352083 0.006250 0.018056
4 0.378516 0.343750 0.007031 0.020833
0 0.342969 0.295833 0.029688 0.047222
1 0.120313 0.447917 0.059375 0.059722
1 0.049609 0.448611 0.082031 0.091667
4 0.545703 0.329167 0.077344 0.102778
1 0.481641 0.404861 0.027344 0.031944
1 0.478125 0.428472 0.034375 0.059722
1 0.455469 0.432639 0.039062 0.084722
1 0.417188 0.440972 0.076563 0.104167
1 0.550000 0.432639 0.079688 0.123611
1 0.298438 0.462500 0.218750 0.163889
1 0.619531 0.443056 0.112500 0.125000
1 0.009766 0.460417 0.019531 0.087500

5 0.515625 0.359375 0.515625 0.37812501192092896 0.5140625238418579 0.37968748807907104 0.5140625238418579 0.3812499940395355 0.512499988079071 0.3828125 0.512499988079071 0.38593751192092896 0.510937511920929 0.38749998807907104 0.510937511920929 0.40937501192092896 0.512499988079071 0.41093748807907104 0.512499988079071 0.4375 0.5140625238418579 0.4390625059604645 0.5140625238418579 0.4468750059604645 0.512499988079071 0.44843751192092896 0.512499988079071 0.45625001192092896 0.5140625238418579 0.45781248807907104 0.5140625238418579 0.4593749940395355 0.512499988079071 0.4609375 0.512499988079071 0.47187501192092896 0.5140625238418579 0.47343748807907104 0.5140625238418579 0.4765625 0.515625 0.4781250059604645 0.5171874761581421 0.4781250059604645 0.520312488079071 0.48124998807907104 0.520312488079071 0.48906248807907104 0.518750011920929 0.4906249940395355 0.518750011920929 0.49531251192092896 0.5390625 0.49531251192092896 0.5390625 0.4546875059604645 0.534375011920929 0.4546875059604645 0.5328124761581421 0.453125 0.5328124761581421 0.44999998807907104 0.534375011920929 0.44843751192092896 0.5390625 0.44843751192092896 0.5390625 0.3812499940395355 0.534375011920929 0.3812499940395355 0.53125 0.37812501192092896 0.53125 0.37187498807907104 0.5296875238418579 0.37031251192092896 0.5296875238418579 0.359375
5 0.4984374940395355 0.37812501192092896 0.4984374940395355 0.3890624940395355 0.49687498807907104 0.390625 0.49687498807907104 0.39375001192092896 0.48906248807907104 0.40156251192092896 0.484375 0.40156251192092896 0.484375 0.4515624940395355 0.4906249940395355 0.4515624940395355 0.4921875 0.453125 0.4921875 0.4546875059604645 0.4937500059604645 0.45625001192092896 0.4937500059604645 0.45781248807907104 0.49531251192092896 0.4593749940395355 0.49531251192092896 0.4609375 0.49687498807907104 0.4625000059604645 0.49687498807907104 0.46406251192092896 0.4984374940395355 0.46562498807907104 0.4984374940395355 0.4703125059604645 0.510937511920929 0.4703125059604645 0.510937511920929 0.4312500059604645 0.512499988079071 0.4296875 0.512499988079071 0.41718751192092896 0.5140625238418579 0.4156250059604645 0.512499988079071 0.4140625 0.512499988079071 0.3890624940395355 0.515625 0.38593751192092896 0.520312488079071 0.38593751192092896 0.520312488079071 0.37812501192092896
5 0.5 0.37812501192092896 0.5 0.3828125 0.4984374940395355 0.3843750059604645 0.4984374940395355 0.390625 0.49687498807907104 0.3921875059604645 0.49687498807907104 0.39375001192092896 0.4937500059604645 0.3968749940395355 0.4937500059604645 0.3984375 0.4906249940395355 0.40156251192092896 0.484375 0.40156251192092896 0.484375 0.44999998807907104 0.48906248807907104 0.44999998807907104 0.4921875 0.453125 0.4921875 0.4546875059604645 0.4937500059604645 0.45625001192092896 0.4937500059604645 0.45781248807907104 0.49531251192092896 0.4593749940395355 0.49531251192092896 0.4609375 0.49687498807907104 0.4625000059604645 0.49687498807907104 0.4671874940395355 0.4984374940395355 0.46875 0.4984374940395355 0.47187501192092896 0.49687498807907104 0.47343748807907104 0.49687498807907104 0.484375 0.4984374940395355 0.484375 0.5015624761581421 0.48750001192092896 0.5015624761581421 0.48906248807907104 0.504687488079071 0.4859375059604645 0.504687488079071 0.484375 0.5062500238418579 0.4828124940395355 0.5062500238418579 0.47968751192092896 0.5093749761581421 0.4765625 0.5093749761581421 0.47187501192092896 0.510937511920929 0.4703125059604645 0.510937511920929 0.4468750059604645 0.512499988079071 0.4453125 0.512499988079071 0.4234375059604645 0.5140625238418579 0.421875 0.5140625238418579 0.4124999940395355 0.512499988079071 0.41093748807907104 0.512499988079071 0.3890624940395355 0.515625 0.38593751192092896 0.520312488079071 0.38593751192092896 0.520312488079071 0.37812501192092896