0 0.524609 0.355556 0.027344 0.022222
0 0.494531 0.352083 0.028125 0.020833
0 0.732813 0.350000 0.025000 0.052778
0 0.822266 0.225694 0.113281 0.068056
0 0.939844 0.226389 0.110938 0.069444
4 0.083594 0.256944 0.004688 0.013889
4 0.117578 0.264583 0.003906 0.015278
1 0.166016 0.389583 0.049219 0.015278
1 0.233984 0.393056 0.019531 0.008333
1 0.261719 0.390278 0.023438 0.013889
1 0.280859 0.392361 0.014844 0.009722
1 0.313281 0.393750 0.026563 0.009722
1 0.343359 0.394444 0.014844 0.008333
1 0.279297 0.327083 0.035156 0.012500
1 0.339453 0.331944 0.017969 0.008333
1 0.552344 0.343750 0.017188 0.012500
1 0.789062 0.407639 0.031250 0.020833
1 0.716797 0.409028 0.019531 0.012500
1 0.511328 0.402778 0.005469 0.013889
1 0.518750 0.404167 0.007812 0.011111
1 0.504297 0.404167 0.010156 0.011111
1 0.488281 0.407639 0.018750 0.029167
1 0.373047 0.390278 0.014844 0.011111
1 0.405469 0.395833 0.006250 0.011111
1 0.416016 0.398611 0.011719 0.011111
1 0.425000 0.397222 0.004688 0.008333
1 0.432031 0.395833 0.009375 0.011111
