1 0.207422 0.314583 0.255469 0.298611
1 0.836328 0.336806 0.325781 0.390278
4 0.464844 0.201389 0.090625 0.194444
1 0.062109 0.274306 0.122656 0.218056
1 0.533203 0.244444 0.049219 0.066667
1 0.414062 0.223611 0.010938 0.025000
1 0.383594 0.229167 0.026563 0.036111
1 0.365625 0.227083 0.012500 0.026389
1 0.403516 0.222917 0.016406 0.026389
4 0.302734 0.213194 0.025781 0.045833
1 0.339063 0.231944 0.021875 0.036111
1 0.326953 0.229861 0.016406 0.020833
4 0.768750 0.057639 0.009375 0.051389
4 0.603516 0.150694 0.017969 0.023611
4 0.254688 0.104861 0.007812 0.034722
4 0.814453 0.050000 0.032031 0.050000
0 0.258203 0.144444 0.025781 0.022222
0 0.587891 0.116667 0.024219 0.013889
0 0.376563 0.181250 0.012500 0.018056
0 0.546094 0.162500 0.009375 0.019444
