4 0.291016 0.043750 0.027344 0.087500
4 0.777734 0.026389 0.024219 0.052778
4 0.263281 0.031944 0.021875 0.063889
0 0.173828 0.397222 0.021094 0.044444
4 0.182031 0.242361 0.020313 0.079167
0 0.987500 0.267361 0.023438 0.026389
0 0.974609 0.227083 0.042969 0.029167
0 0.615625 0.394444 0.014063 0.027778
1 0.487109 0.468750 0.013281 0.026389
1 0.470703 0.479861 0.038281 0.056944
1 0.507422 0.480556 0.038281 0.066667
1 0.581250 0.430556 0.032813 0.013889
1 0.612891 0.435417 0.024219 0.023611
1 0.633984 0.455556 0.028906 0.063889
1 0.679297 0.456944 0.035156 0.047222
2 0.395703 0.506944 0.033594 0.108333
1 0.344922 0.520139 0.072656 0.104167
1 0.578125 0.539583 0.146875 0.201389
1 0.121875 0.573611 0.243750 0.405556
4 0.145703 0.479167 0.149219 0.111111
0 0.736719 0.346528 0.012500 0.018056
0 0.743359 0.370139 0.008594 0.018056

5 0.3843750059604645 0.47187501192092896 0.3843750059604645 0.518750011920929 0.3921875059604645 0.518750011920929 0.39375001192092896 0.520312488079071 0.39531248807907104 0.520312488079071 0.3968749940395355 0.5218750238418579 0.3968749940395355 0.5234375 0.3984375 0.5249999761581421 0.3984375 0.5296875238418579 0.4000000059604645 0.53125 0.4000000059604645 0.5375000238418579 0.3984375 0.5390625 0.3984375 0.543749988079071 0.4000000059604645 0.5453125238418579 0.4000000059604645 0.5484374761581421 0.40156251192092896 0.550000011920929 0.40156251192092896 0.551562488079071 0.40312498807907104 0.551562488079071 0.40937501192092896 0.557812511920929 0.40937501192092896 0.559374988079071 0.41093748807907104 0.5609375238418579 0.41093748807907104 0.5625 0.4124999940395355 0.5640624761581421 0.4124999940395355 0.5703125 0.4203124940395355 0.5703125 0.4203124940395355 0.504687488079071 0.4156250059604645 0.504687488079071 0.4140625 0.503125011920929 0.4140625 0.5015624761581421 0.4124999940395355 0.5 0.4124999940395355 0.4984374940395355 0.41093748807907104 0.49687498807907104 0.41093748807907104 0.4937500059604645 0.4078125059604645 0.4906249940395355 0.4078125059604645 0.48750001192092896 0.40625 0.4859375059604645 0.40625 0.4781250059604645 0.4078125059604645 0.4765625 0.4078125059604645 0.47187501192092896