4 0.285156 0.312500 0.032813 0.066667
4 0.319141 0.293056 0.035156 0.050000
4 0.361328 0.304861 0.014844 0.026389
4 0.430469 0.307639 0.031250 0.045833
1 0.330859 0.361806 0.080469 0.106944
1 0.448828 0.388889 0.094531 0.144444
1 0.587109 0.401389 0.105469 0.133333
1 0.892578 0.487500 0.210156 0.222222
1 0.528906 0.362500 0.031250 0.047222
1 0.510547 0.351389 0.017969 0.041667
1 0.489453 0.350000 0.022656 0.044444
1 0.373438 0.347917 0.039062 0.056944
1 0.400391 0.336111 0.032031 0.047222
1 0.394141 0.310417 0.027344 0.018056
3 0.957031 0.354167 0.032813 0.047222
3 0.786328 0.386806 0.027344 0.101389
1 0.661328 0.354861 0.041406 0.051389
0 0.090234 0.259028 0.014844 0.056944

5 0.7828124761581421 0.3343749940395355 0.7828124761581421 0.34687501192092896 0.78125 0.34843748807907104 0.78125 0.3531250059604645 0.7796875238418579 0.35468751192092896 0.7796875238418579 0.35624998807907104 0.776562511920929 0.359375 0.7718750238418579 0.359375 0.7718750238418579 0.3921875059604645 0.776562511920929 0.3921875059604645 0.778124988079071 0.39375001192092896 0.778124988079071 0.3984375 0.7796875238418579 0.4000000059604645 0.7796875238418579 0.41718751192092896 0.778124988079071 0.41874998807907104 0.778124988079071 0.421875 0.776562511920929 0.4234375059604645 0.7718750238418579 0.4234375059604645 0.7718750238418579 0.4390625059604645 0.7906249761581421 0.4390625059604645 0.7906249761581421 0.4234375059604645 0.792187511920929 0.421875 0.792187511920929 0.4140625 0.793749988079071 0.4124999940395355 0.793749988079071 0.39375001192092896 0.7953125238418579 0.3921875059604645 0.7953125238418579 0.38749998807907104 0.796875 0.38593751192092896 0.801562488079071 0.38593751192092896 0.801562488079071 0.3578124940395355 0.796875 0.3578124940395355 0.7953125238418579 0.35624998807907104 0.7953125238418579 0.35468751192092896 0.793749988079071 0.3531250059604645 0.793749988079071 0.3343749940395355
5 0.9515625238418579 0.3343749940395355 0.9515625238418579 0.3515625 0.9468749761581421 0.35624998807907104 0.940625011920929 0.35624998807907104 0.940625011920929 0.3828125 0.9765625 0.3828125 0.9765625 0.359375 0.971875011920929 0.359375 0.9671875238418579 0.35468751192092896 0.9671875238418579 0.3531250059604645 0.965624988079071 0.3515625 0.965624988079071 0.34843748807907104 0.964062511920929 0.34687501192092896 0.964062511920929 0.3343749940395355