1 0.050391 0.663194 0.097656 0.187500
1 0.832422 0.722917 0.332031 0.220833
3 0.986719 0.631944 0.021875 0.052778
3 0.959375 0.620833 0.021875 0.033333
1 0.341406 0.652083 0.031250 0.068056
1 0.363672 0.642361 0.021094 0.048611
1 0.377344 0.640278 0.012500 0.041667
1 0.389453 0.639583 0.011719 0.037500
1 0.396875 0.638194 0.012500 0.034722
1 0.415625 0.636111 0.023438 0.033333
1 0.431641 0.642361 0.005469 0.020833
1 0.444531 0.635417 0.017188 0.023611
1 0.700391 0.668750 0.152344 0.126389
1 0.800781 0.672222 0.284375 0.161111
1 0.643750 0.664583 0.101562 0.090278
1 0.619531 0.658333 0.065625 0.063889
1 0.597656 0.658333 0.075000 0.050000
1 0.575391 0.650000 0.050781 0.036111
1 0.565625 0.643750 0.051563 0.034722
1 0.557422 0.634722 0.044531 0.033333
1 0.518359 0.636111 0.010156 0.019444
1 0.525781 0.632639 0.012500 0.018056
1 0.476172 0.652083 0.060156 0.076389
1 0.264844 0.684722 0.167188 0.161111
1 0.160938 0.646528 0.048438 0.056944
4 0.558594 0.516667 0.009375 0.030556
4 0.412891 0.527778 0.011719 0.025000
4 0.552344 0.518056 0.009375 0.033333
4 0.325391 0.525000 0.008594 0.022222
4 0.226562 0.573611 0.020313 0.025000
4 0.310547 0.593056 0.010156 0.019444
0 0.235547 0.496528 0.010156 0.018056
0 0.230859 0.513194 0.016406 0.018056
0 0.238281 0.547917 0.021875 0.012500
0 0.789062 0.543750 0.023438 0.037500
4 0.533984 0.585417 0.003906 0.020833
4 0.514844 0.602778 0.004688 0.013889
4 0.449609 0.585417 0.003906 0.015278
