1 0.512109 0.560417 0.049219 0.076389
1 0.555078 0.579167 0.083594 0.100000
1 0.626172 0.600000 0.136719 0.152778
1 0.736719 0.584722 0.131250 0.141667
1 0.833203 0.700000 0.324219 0.280556
1 0.988672 0.813194 0.016406 0.115278
1 0.082031 0.511111 0.040625 0.075000
1 0.338672 0.531944 0.007031 0.022222
1 0.333594 0.526389 0.010938 0.038889
1 0.327734 0.529861 0.008594 0.045833
4 0.310156 0.523611 0.029688 0.069444
4 0.214063 0.478472 0.171875 0.326389
4 0.398828 0.527778 0.016406 0.025000
4 0.418359 0.531944 0.017969 0.030556
3 0.350000 0.530556 0.007812 0.030556
0 0.211719 0.294444 0.035938 0.044444
4 0.549609 0.425000 0.014844 0.041667
4 0.341797 0.350000 0.008594 0.038889
4 0.477734 0.421528 0.007031 0.026389
0 0.548438 0.466667 0.017188 0.033333
0 0.668359 0.410417 0.024219 0.018056
0 0.665625 0.425694 0.015625 0.012500
0 0.547656 0.490278 0.015625 0.013889
1 0.377344 0.531250 0.020313 0.018056
