1 0.436328 0.497222 0.011719 0.016667
1 0.447266 0.493750 0.013281 0.009722
1 0.460547 0.496528 0.013281 0.012500
1 0.483203 0.497222 0.022656 0.025000
1 0.504297 0.500000 0.016406 0.022222
1 0.401563 0.499306 0.018750 0.020833
1 0.531250 0.499306 0.020313 0.029167
1 0.548438 0.506250 0.017188 0.023611
1 0.579688 0.513889 0.028125 0.038889
1 0.562109 0.511806 0.017969 0.043056
1 0.609375 0.508333 0.045313 0.069444
1 0.625000 0.529861 0.032813 0.048611
1 0.657031 0.530556 0.045313 0.072222
1 0.717188 0.527778 0.109375 0.130556
1 0.821875 0.554861 0.176563 0.179167
1 0.946484 0.586806 0.105469 0.229167
1 0.356250 0.506250 0.012500 0.034722
1 0.377734 0.494444 0.016406 0.022222
4 0.327734 0.480556 0.052344 0.086111
1 0.277344 0.515972 0.054688 0.065278
1 0.194141 0.518750 0.066406 0.084722
1 0.092969 0.520139 0.157813 0.137500
3 0.907422 0.519444 0.022656 0.075000
0 0.492188 0.433333 0.014063 0.016667
0 0.658203 0.433333 0.008594 0.022222
0 0.754297 0.409028 0.019531 0.023611
4 0.415234 0.447222 0.008594 0.022222
