1 0.224219 0.382639 0.010938 0.009722
1 0.198047 0.381944 0.011719 0.011111
1 0.271875 0.386806 0.010938 0.012500
1 0.286328 0.386111 0.011719 0.013889
1 0.300000 0.386111 0.014063 0.011111
1 0.371484 0.392361 0.021094 0.023611
1 0.396875 0.389583 0.015625 0.018056
1 0.413672 0.390972 0.014844 0.012500
1 0.434375 0.388889 0.009375 0.016667
1 0.453906 0.389583 0.009375 0.012500
1 0.519531 0.391667 0.007812 0.011111
1 0.510156 0.392361 0.009375 0.012500
1 0.501172 0.393056 0.011719 0.011111
1 0.487891 0.388194 0.014844 0.020833
1 0.474609 0.391667 0.011719 0.016667
1 0.464844 0.392361 0.009375 0.018056
