4 0.118750 0.187500 0.014063 0.055556
4 0.093359 0.177083 0.016406 0.076389
0 0.110156 0.256250 0.021875 0.040278
0 0.041797 0.254861 0.044531 0.073611
0 0.549609 0.211111 0.022656 0.050000
3 0.619531 0.353472 0.021875 0.084722
3 0.639063 0.347222 0.020313 0.094444
3 0.671875 0.347917 0.015625 0.095833
1 0.353906 0.377778 0.028125 0.083333
1 0.340625 0.388889 0.026563 0.091667
4 0.242969 0.343750 0.212500 0.276389
1 0.129688 0.458333 0.259375 0.302778
1 0.489453 0.439583 0.260156 0.412500
1 0.922266 0.563194 0.153906 0.323611
