1 0.434766 0.485417 0.011719 0.012500
1 0.410156 0.489583 0.012500 0.020833
1 0.497656 0.488194 0.009375 0.023611
1 0.507812 0.491667 0.018750 0.022222
1 0.528516 0.522222 0.017969 0.038889
1 0.664062 0.525000 0.100000 0.080556
1 0.543750 0.525000 0.028125 0.055556
1 0.394922 0.489583 0.019531 0.023611
1 0.379688 0.492361 0.010938 0.026389
1 0.121875 0.518750 0.114063 0.112500
1 0.237500 0.487500 0.064063 0.000000
1 0.286719 0.517361 0.043750 0.043056
1 0.366797 0.492361 0.027344 0.026389
1 0.580078 0.527778 0.069531 0.100000
1 0.779297 0.625694 0.241406 0.256944
1 0.956250 0.579861 0.085938 0.156944
0 0.773047 0.395833 0.025781 0.044444
1 0.485547 0.497917 0.024219 0.031944
