0 0.247656 0.469444 0.014063 0.036111
0 0.398047 0.434028 0.046094 0.034722
0 0.442578 0.436111 0.049219 0.030556
0 0.520313 0.442361 0.034375 0.037500
0 0.745703 0.506250 0.024219 0.054167
4 0.102344 0.440972 0.203125 0.345833
1 0.217969 0.475000 0.014063 0.016667
1 0.236328 0.472917 0.010156 0.015278
1 0.207031 0.487500 0.018750 0.016667
1 0.257812 0.473611 0.007812 0.016667
1 0.273828 0.477778 0.021094 0.019444
1 0.293750 0.475694 0.009375 0.018056
1 0.306641 0.479861 0.013281 0.012500
1 0.321875 0.477778 0.014063 0.011111
1 0.334766 0.475000 0.011719 0.016667
1 0.355859 0.472917 0.014844 0.009722
1 0.370313 0.472917 0.010938 0.012500
1 0.421484 0.457639 0.005469 0.009722
1 0.428516 0.465278 0.010156 0.008333
1 0.491797 0.461111 0.007031 0.008333
1 0.524219 0.524306 0.014063 0.040278
1 0.542188 0.529167 0.025000 0.038889
1 0.371875 0.515278 0.031250 0.038889
1 0.476562 0.548611 0.100000 0.161111
