4 0.043750 0.551389 0.087500 0.058333
4 0.043750 0.519444 0.067187 0.075000
4 0.130859 0.540278 0.028906 0.052778
4 0.200000 0.547917 0.050000 0.056944
4 0.277734 0.544444 0.046094 0.061111
4 0.396875 0.542361 0.043750 0.048611
4 0.336719 0.540972 0.057813 0.059722
4 0.339063 0.535417 0.065625 0.062500
3 0.135938 0.501389 0.023438 0.077778
3 0.579688 0.507639 0.012500 0.040278
3 0.604297 0.496528 0.008594 0.029167
3 0.904688 0.518750 0.015625 0.045833
1 0.437500 0.531944 0.035938 0.061111
1 0.926563 0.537500 0.043750 0.055556
1 0.980859 0.540278 0.032031 0.055556
1 0.494531 0.530556 0.137500 0.105556
1 0.640625 0.534028 0.134375 0.073611
1 0.757812 0.531944 0.101562 0.088889
1 0.855859 0.536806 0.089844 0.068056
4 0.030469 0.215278 0.056250 0.177778
