1 0.491797 0.481250 0.021094 0.029167
1 0.473438 0.484028 0.020313 0.040278
1 0.457813 0.489583 0.025000 0.056944
1 0.433203 0.498611 0.030469 0.080556
1 0.399219 0.513194 0.042188 0.087500
1 0.526953 0.485417 0.010156 0.023611
1 0.539453 0.480556 0.014844 0.025000
1 0.555078 0.481944 0.019531 0.033333
1 0.566406 0.488194 0.020313 0.054167
1 0.578516 0.495139 0.022656 0.059722
1 0.638672 0.508333 0.099219 0.147222
1 0.793359 0.563194 0.257031 0.279167
1 0.292578 0.585417 0.169531 0.168056
4 0.527734 0.456944 0.005469 0.019444
4 0.494531 0.455556 0.006250 0.016667
