4 0.312109 0.204167 0.024219 0.102778
4 0.467188 0.577083 0.009375 0.034722
4 0.549609 0.595139 0.010156 0.029167
4 0.582422 0.609028 0.010156 0.031944
4 0.286719 0.214583 0.025000 0.095833
0 0.449219 0.571528 0.023438 0.018056
0 0.602734 0.594444 0.022656 0.016667
4 0.824219 0.523611 0.025000 0.038889
4 0.792188 0.531944 0.018750 0.033333
1 0.610156 0.654861 0.023438 0.059722
1 0.632422 0.657639 0.028906 0.068056
1 0.655078 0.663889 0.032031 0.077778
1 0.671875 0.669444 0.034375 0.091667
1 0.718359 0.673611 0.082031 0.119444
1 0.573047 0.653472 0.036719 0.051389
1 0.506250 0.665278 0.018750 0.027778
1 0.478516 0.661806 0.032031 0.034722
1 0.532813 0.657639 0.017188 0.020833
