4 0.380078 0.435417 0.008594 0.023611
4 0.327344 0.430556 0.010938 0.016667
4 0.582422 0.351389 0.014844 0.052778
4 0.598047 0.371528 0.011719 0.048611
4 0.132812 0.220833 0.010938 0.050000
4 0.616016 0.438889 0.016406 0.022222
0 0.058594 0.280556 0.067187 0.033333
4 0.005469 0.388889 0.009375 0.033333
0 0.111719 0.438194 0.017188 0.034722
0 0.617188 0.413889 0.018750 0.019444
0 0.594141 0.311111 0.017969 0.022222
1 0.167188 0.504167 0.037500 0.058333
1 0.128906 0.511806 0.040625 0.051389
1 0.355859 0.477778 0.021094 0.019444
1 0.381250 0.484722 0.021875 0.030556
1 0.440234 0.497222 0.011719 0.025000
1 0.459375 0.505556 0.028125 0.038889
3 0.596484 0.511111 0.022656 0.091667
3 0.613281 0.501389 0.012500 0.055556
1 0.276172 0.527083 0.139844 0.209722
1 0.060156 0.546528 0.120313 0.284722
1 0.405078 0.486111 0.021094 0.038889

5 0.5843750238418579 0.47187501192092896 0.5843750238418579 0.5562499761581421 0.589062511920929 0.5562499761581421 0.590624988079071 0.557812511920929 0.590624988079071 0.5640624761581421 0.6078125238418579 0.5640624761581421 0.6078125238418579 0.546875 0.609375 0.5453125238418579 0.609375 0.5390625 0.6109374761581421 0.5375000238418579 0.6109374761581421 0.5328124761581421 0.612500011920929 0.53125 0.612500011920929 0.5296875238418579 0.614062488079071 0.528124988079071 0.614062488079071 0.526562511920929 0.6156250238418579 0.5249999761581421 0.620312511920929 0.5249999761581421 0.620312511920929 0.4859375059604645 0.6156250238418579 0.4859375059604645 0.6109374761581421 0.48124998807907104 0.6109374761581421 0.47187501192092896