0 0.696875 0.452083 0.043750 0.040278
0 0.693359 0.490972 0.063281 0.045833
0 0.711328 0.523611 0.014844 0.019444
0 0.844141 0.502083 0.021094 0.031944
1 0.750781 0.554861 0.040625 0.037500
1 0.717969 0.567361 0.035938 0.068056
1 0.659766 0.561806 0.016406 0.037500
1 0.638672 0.554861 0.033594 0.056944
1 0.609375 0.522222 0.042188 0.022222
1 0.608203 0.569444 0.069531 0.075000
1 0.691406 0.573611 0.064063 0.083333
1 0.809375 0.592361 0.109375 0.143056
1 0.891797 0.684722 0.214844 0.291667
1 0.272656 0.768056 0.007812 0.005556
