0 0.296875 0.245833 0.014063 0.027778
0 0.302734 0.195833 0.030469 0.025000
4 0.298438 0.147222 0.007812 0.052778
4 0.442578 0.345833 0.005469 0.019444
4 0.458203 0.362500 0.003906 0.019444
1 0.498828 0.393750 0.010156 0.034722
1 0.481641 0.404861 0.033594 0.068056
1 0.526563 0.410417 0.020313 0.059722
4 0.523438 0.379167 0.031250 0.102778
1 0.463672 0.420833 0.060156 0.083333
4 0.762109 0.315972 0.463281 0.623611
1 0.985547 0.490972 0.027344 0.159722
3 0.362109 0.402083 0.010156 0.068056
3 0.345703 0.381944 0.007031 0.052778
3 0.335156 0.401389 0.012500 0.077778
3 0.317969 0.395139 0.010938 0.065278
3 0.310547 0.375694 0.008594 0.065278
3 0.284375 0.411806 0.020313 0.112500
3 0.169531 0.395139 0.021875 0.143056
3 0.084375 0.404861 0.031250 0.179167
3 0.062891 0.373611 0.021094 0.138889

5 0.06406249850988388 0.30937498807907104 0.06406249850988388 0.3218750059604645 0.0625 0.32343751192092896 0.0625 0.3265624940395355 0.06093750149011612 0.328125 0.06093750149011612 0.3296875059604645 0.05624999850988388 0.3343749940395355 0.05624999850988388 0.3359375 0.05156249925494194 0.34062498807907104 0.046875 0.34062498807907104 0.046875 0.37187498807907104 0.05156249925494194 0.37187498807907104 0.05312500149011612 0.3734374940395355 0.05312500149011612 0.37812501192092896 0.0546875 0.37968748807907104 0.0546875 0.3828125 0.05937499925494194 0.38749998807907104 0.06093750149011612 0.38749998807907104 0.06406249850988388 0.390625 0.06406249850988388 0.39531248807907104 0.0703125 0.39531248807907104 0.0703125 0.3890624940395355 0.07187499850988388 0.38749998807907104 0.07343749701976776 0.38749998807907104 0.07500000298023224 0.38593751192092896 0.07500000298023224 0.3843750059604645 0.07656250149011612 0.3828125 0.078125 0.3828125 0.07968749850988388 0.3812499940395355 0.08124999701976776 0.3812499940395355 0.08281250298023224 0.37968748807907104 0.1015625 0.37968748807907104 0.1015625 0.34375 0.09687499701976776 0.34375 0.09375 0.34062498807907104 0.09375 0.33906251192092896 0.09218750149011612 0.33906251192092896 0.09062500298023224 0.3375000059604645 0.08906249701976776 0.3375000059604645 0.08124999701976776 0.3296875059604645 0.08124999701976776 0.31718748807907104 0.07968749850988388 0.31562501192092896 0.07968749850988388 0.30937498807907104
5 0.35624998807907104 0.3656249940395355 0.35624998807907104 0.37031251192092896 0.35468751192092896 0.37187498807907104 0.35468751192092896 0.3765625059604645 0.3515625 0.37968748807907104 0.34687501192092896 0.37968748807907104 0.34687501192092896 0.4312500059604645 0.3515625 0.4312500059604645 0.35468751192092896 0.43437498807907104 0.35468751192092896 0.4390625059604645 0.37031251192092896 0.4390625059604645 0.37031251192092896 0.3656249940395355
5 0.25 0.3531250059604645 0.25 0.36250001192092896 0.24843749403953552 0.36406248807907104 0.24843749403953552 0.37187498807907104 0.24687500298023224 0.3734374940395355 0.24062499403953552 0.3734374940395355 0.24062499403953552 0.39531248807907104 0.27031248807907104 0.39531248807907104 0.27031248807907104 0.37968748807907104 0.265625 0.37968748807907104 0.26093751192092896 0.375 0.26093751192092896 0.3734374940395355 0.2593750059604645 0.37187498807907104 0.2593750059604645 0.3531250059604645
5 0.2718749940395355 0.3531250059604645 0.2718749940395355 0.39531248807907104 0.2953124940395355 0.39531248807907104 0.2953124940395355 0.3531250059604645
5 0.3031249940395355 0.3531250059604645 0.3031249940395355 0.42656248807907104 0.3265624940395355 0.42656248807907104 0.3265624940395355 0.3531250059604645
5 0.1640625 0.328125 0.1640625 0.33281248807907104 0.16249999403953552 0.3343749940395355 0.16249999403953552 0.33906251192092896 0.16093750298023224 0.34062498807907104 0.16093750298023224 0.3421874940395355 0.15781250596046448 0.3453125059604645 0.15312500298023224 0.3453125059604645 0.15312500298023224 0.37968748807907104 0.15937499701976776 0.37968748807907104 0.16093750298023224 0.3812499940395355 0.16249999403953552 0.3812499940395355 0.1640625 0.3828125 0.16562500596046448 0.3828125 0.16718749701976776 0.3843750059604645 0.16718749701976776 0.3890624940395355 0.1796875 0.3890624940395355 0.1796875 0.3843750059604645 0.18437500298023224 0.37968748807907104 0.18906250596046448 0.37968748807907104 0.18906250596046448 0.3578124940395355 0.18437500298023224 0.3578124940395355 0.18125000596046448 0.35468751192092896 0.18125000596046448 0.3515625 0.1796875 0.3499999940395355 0.1796875 0.34687501192092896 0.17812499403953552 0.3453125059604645 0.17812499403953552 0.34375 0.17656250298023224 0.3421874940395355 0.17656250298023224 0.34062498807907104 0.17499999701976776 0.33906251192092896 0.17656250298023224 0.3375000059604645 0.17656250298023224 0.328125