0 0.808594 0.425000 0.028125 0.016667
0 0.748047 0.513194 0.024219 0.034722
0 0.165234 0.386806 0.032031 0.009722
4 0.253516 0.211111 0.019531 0.083333
4 0.704688 0.279167 0.012500 0.058333
4 0.810156 0.477778 0.021875 0.030556
4 0.277344 0.216667 0.021875 0.080556
4 0.720703 0.283333 0.014844 0.055556
4 0.695312 0.286806 0.007812 0.048611
1 0.587109 0.559722 0.025781 0.038889
1 0.602344 0.563194 0.031250 0.040278
1 0.614063 0.571528 0.028125 0.048611
1 0.650000 0.570139 0.051563 0.073611
1 0.685938 0.583333 0.068750 0.083333
1 0.426563 0.571528 0.064063 0.081944
3 0.484766 0.549306 0.007031 0.029167
3 0.544141 0.670833 0.091406 0.405556
3 0.751563 0.577083 0.020313 0.087500
3 0.885938 0.562500 0.015625 0.091667
