4 0.172266 0.256250 0.011719 0.059722
4 0.188672 0.247222 0.016406 0.072222
4 0.614844 0.396528 0.014063 0.037500
4 0.628906 0.384028 0.014063 0.054167
4 0.824609 0.487500 0.011719 0.025000
4 0.519922 0.495833 0.011719 0.025000
4 0.363672 0.461806 0.007031 0.029167
4 0.348438 0.497917 0.009375 0.018056
0 0.025000 0.249306 0.050000 0.051389
4 0.533594 0.481250 0.014063 0.026389
4 0.491016 0.484722 0.010156 0.016667
3 0.816406 0.554167 0.018750 0.080556
1 0.217188 0.578472 0.059375 0.059722
1 0.466406 0.536806 0.020313 0.018056
1 0.455859 0.555556 0.024219 0.038889
1 0.483203 0.554861 0.030469 0.045833
1 0.642969 0.543056 0.050000 0.044444
1 0.547656 0.550694 0.028125 0.037500
1 0.523828 0.554861 0.032031 0.037500
1 0.282031 0.586806 0.126562 0.070833
1 0.505078 0.549306 0.014844 0.029167
1 0.093750 0.578472 0.165625 0.093056
1 0.587891 0.563889 0.053906 0.061111

5 0.809374988079071 0.515625 0.809374988079071 0.5234375 0.807812511920929 0.5249999761581421 0.8031250238418579 0.5249999761581421 0.8031250238418579 0.574999988079071 0.807812511920929 0.574999988079071 0.809374988079071 0.5765625238418579 0.809374988079071 0.5796874761581421 0.8109375238418579 0.581250011920929 0.8109375238418579 0.5953124761581421 0.823437511920929 0.5953124761581421 0.823437511920929 0.578125 0.824999988079071 0.5765625238418579 0.824999988079071 0.5640624761581421 0.8265625238418579 0.5625 0.8265625238418579 0.5609375238418579 0.828125 0.559374988079071 0.832812488079071 0.559374988079071 0.832812488079071 0.5406249761581421 0.828125 0.5406249761581421 0.824999988079071 0.5375000238418579 0.824999988079071 0.534375011920929 0.823437511920929 0.5328124761581421 0.823437511920929 0.53125 0.8218749761581421 0.5296875238418579 0.8218749761581421 0.528124988079071 0.8203125 0.526562511920929 0.8203125 0.5218750238418579 0.8187500238418579 0.520312488079071 0.8187500238418579 0.515625