0 0.527344 0.354167 0.032813 0.069444
0 0.401172 0.302778 0.013281 0.033333
0 0.301172 0.344444 0.010156 0.022222
3 0.581641 0.483333 0.035156 0.175000
3 0.490234 0.445139 0.016406 0.098611
3 0.683594 0.470139 0.017188 0.093056
3 0.668750 0.464583 0.012500 0.093056
1 0.103125 0.436806 0.143750 0.156944
1 0.027734 0.456250 0.055469 0.154167
1 0.387891 0.506944 0.155469 0.222222
4 0.536719 0.245139 0.014063 0.026389
4 0.423438 0.330556 0.014063 0.030556
4 0.466797 0.378472 0.013281 0.026389
0 0.441016 0.346528 0.024219 0.015278
4 0.088672 0.274306 0.011719 0.015278
4 0.003125 0.289583 0.004688 0.029167
4 0.094531 0.322222 0.010938 0.016667
4 0.294531 0.302778 0.007812 0.016667
4 0.341016 0.285417 0.007031 0.015278
0 0.351172 0.290972 0.010156 0.020833
0 0.017578 0.211806 0.035156 0.056944
4 0.403516 0.388889 0.008594 0.016667
