1 0.923047 0.561806 0.146094 0.104167
1 0.486328 0.486111 0.014844 0.025000
1 0.357813 0.479167 0.021875 0.030556
4 0.431250 0.398611 0.010938 0.027778
4 0.320703 0.196528 0.019531 0.065278
4 0.746484 0.410417 0.014844 0.045833
4 0.416797 0.445833 0.008594 0.019444
4 0.319922 0.418750 0.007031 0.023611
4 0.395313 0.437500 0.007812 0.025000
4 0.263672 0.439583 0.010156 0.018056
3 0.230859 0.456944 0.016406 0.086111
0 0.542188 0.431250 0.018750 0.043056
1 0.758984 0.460417 0.014844 0.037500
1 0.028906 0.593056 0.057813 0.302778
0 0.342188 0.418750 0.018750 0.031944

5 0.171875 0.7281249761581421 0.171875 0.7328125238418579 0.17031249403953552 0.734375 0.16875000298023224 0.734375 0.16718749701976776 0.7359374761581421 0.16562500596046448 0.7359374761581421 0.1640625 0.737500011920929 0.16093750298023224 0.737500011920929 0.15781250596046448 0.7406250238418579 0.15625 0.7406250238418579 0.13750000298023224 0.7593749761581421 0.13750000298023224 0.760937511920929 0.13593749701976776 0.762499988079071 0.13593749701976776 0.7640625238418579 0.1328125 0.7671874761581421 0.1328125 0.768750011920929 0.13124999403953552 0.770312488079071 0.13124999403953552 0.7749999761581421 0.12968750298023224 0.776562511920929 0.12968750298023224 0.792187511920929 0.13124999403953552 0.793749988079071 0.13124999403953552 0.796875 0.1328125 0.7984374761581421 0.1328125 0.800000011920929 0.13593749701976776 0.8031250238418579 0.13593749701976776 0.8046875 0.13750000298023224 0.8062499761581421 0.13750000298023224 0.807812511920929 0.140625 0.8109375238418579 0.140625 0.8125 0.14531250298023224 0.817187488079071 0.14531250298023224 0.8187500238418579 0.1484375 0.8218749761581421 0.1484375 0.823437511920929 0.15000000596046448 0.824999988079071 0.15000000596046448 0.8265625238418579 0.15156249701976776 0.828125 0.15156249701976776 0.831250011920929 0.15312500298023224 0.832812488079071 0.15312500298023224 0.856249988079071 0.15156249701976776 0.8578125238418579 0.15156249701976776 0.871874988079071 0.15000000596046448 0.8734375238418579 0.15000000596046448 0.8828125 0.1484375 0.8843749761581421 0.1484375 0.895312488079071 0.14687499403953552 0.8968750238418579 0.14687499403953552 0.90625 0.14531250298023224 0.9078124761581421 0.14531250298023224 0.9156249761581421 0.14374999701976776 0.917187511920929 0.14374999701976776 0.9234374761581421 0.14218750596046448 0.925000011920929 0.14218750596046448 0.9312499761581421 0.140625 0.932812511920929 0.140625 0.9390624761581421 0.13906249403953552 0.940625011920929 0.13906249403953552 0.942187488079071 0.13750000298023224 0.9437500238418579 0.13750000298023224 0.9453125 0.13593749701976776 0.9468749761581421 0.13593749701976776 0.948437511920929 0.13437500596046448 0.949999988079071 0.13437500596046448 0.9515625238418579 0.1328125 0.953125 0.1328125 0.9546874761581421 0.13124999403953552 0.956250011920929 0.13124999403953552 0.957812488079071 0.12812499701976776 0.9609375 0.12812499701976776 0.9624999761581421 0.12031249701976776 0.9703124761581421 0.11562500149011612 0.9703124761581421 0.11562500149011612 0.9984375238418579 0.2874999940395355 0.9984375238418579 0.2874999940395355 0.995312511920929 0.28593748807907104 0.9937499761581421 0.28593748807907104 0.9859374761581421 0.28437501192092896 0.984375 0.28437501192092896 0.979687511920929 0.2828125059604645 0.9781249761581421 0.2828125059604645 0.973437488079071 0.28125 0.971875011920929 0.28125 0.9703124761581421 0.2796874940395355 0.96875 0.2796874940395355 0.9671875238418579 0.26875001192092896 0.956250011920929 0.2671875059604645 0.956250011920929 0.265625 0.9546874761581421 0.2640624940395355 0.9546874761581421 0.26093751192092896 0.9515625238418579 0.2593750059604645 0.9515625238418579 0.25312501192092896 0.9453125 0.2515625059604645 0.9453125 0.25 0.9437500238418579 0.24843749403953552 0.9437500238418579 0.24375000596046448 0.9390624761581421 0.24375000596046448 0.932812511920929 0.24687500298023224 0.9296875 0.24687500298023224 0.9281250238418579 0.26249998807907104 0.9125000238418579 0.26249998807907104 0.910937488079071 0.26875001192092896 0.9046875238418579 0.26875001192092896 0.903124988079071 0.2750000059604645 0.8968750238418579 0.2750000059604645 0.895312488079071 0.27656251192092896 0.893750011920929 0.27656251192092896 0.8921874761581421 0.2796874940395355 0.8890625238418579 0.2796874940395355 0.887499988079071 0.28125 0.885937511920929 0.28125 0.8843749761581421 0.28593748807907104 0.879687488079071 0.28593748807907104 0.878125011920929 0.2874999940395355 0.8765624761581421 0.2874999940395355 0.875 0.2890625 0.8734375238418579 0.2890625 0.871874988079071 0.296875 0.864062488079071 0.3109374940395355 0.864062488079071 0.3125 0.862500011920929 0.3140625059604645 0.862500011920929 0.3203125 0.856249988079071 0.3203125 0.8531249761581421 0.3218750059604645 0.8515625 0.3218750059604645 0.84375 0.32343751192092896 0.8421875238418579 0.32343751192092896 0.840624988079071 0.32499998807907104 0.839062511920929 0.3265624940395355 0.839062511920929 0.328125 0.8374999761581421 0.3343749940395355 0.8374999761581421 0.34062498807907104 0.831250011920929 0.3453125059604645 0.831250011920929 0.3453125059604645 0.823437511920929 0.34062498807907104 0.823437511920929 0.3359375 0.8187500238418579 0.3359375 0.817187488079071 0.33281248807907104 0.8140624761581421 0.33281248807907104 0.8125 0.33125001192092896 0.8109375238418579 0.33125001192092896 0.807812511920929 0.3296875059604645 0.8062499761581421 0.3296875059604645 0.8031250238418579 0.328125 0.801562488079071 0.328125 0.7984374761581421 0.3265624940395355 0.796875 0.3265624940395355 0.7953125238418579 0.32499998807907104 0.793749988079071 0.32499998807907104 0.792187511920929 0.32343751192092896 0.7906249761581421 0.32343751192092896 0.7890625 0.3218750059604645 0.7875000238418579 0.3218750059604645 0.785937488079071 0.3203125 0.784375011920929 0.3203125 0.7828124761581421 0.3187499940395355 0.78125 0.3187499940395355 0.7796875238418579 0.31718748807907104 0.778124988079071 0.31718748807907104 0.776562511920929 0.3140625059604645 0.7734375 0.3140625059604645 0.7718750238418579 0.3109374940395355 0.768750011920929 0.3109374940395355 0.7671874761581421 0.296875 0.753125011920929 0.2953124940395355 0.753125011920929 0.29218751192092896 0.75 0.2906250059604645 0.75 0.2890625 0.7484375238418579 0.2874999940395355 0.7484375238418579 0.28593748807907104 0.746874988079071 0.28437501192092896 0.746874988079071 0.2828125059604645 0.745312511920929 0.28125 0.745312511920929 0.2796874940395355 0.7437499761581421 0.27812498807907104 0.7437499761581421 0.27656251192092896 0.7421875 0.2750000059604645 0.7421875 0.2734375 0.7406250238418579 0.2718749940395355 0.7406250238418579 0.27031248807907104 0.739062488079071 0.26875001192092896 0.739062488079071 0.2671875059604645 0.737500011920929 0.2640624940395355 0.737500011920929 0.26249998807907104 0.7359374761581421 0.2593750059604645 0.7359374761581421 0.2578125 0.734375 0.25468748807907104 0.734375 0.25312501192092896 0.7328125238418579 0.25312501192092896 0.7281249761581421