1 0.414062 0.641667 0.018750 0.013889
1 0.438672 0.645139 0.016406 0.020833
1 0.199219 0.647917 0.201563 0.234722
0 0.513672 0.615972 0.014844 0.020833
3 0.503516 0.644444 0.019531 0.055556
4 0.474219 0.624306 0.010938 0.012500
4 0.556250 0.559028 0.014063 0.018056
0 0.555078 0.595139 0.010156 0.054167
0 0.630859 0.575694 0.016406 0.059722
0 0.533984 0.598611 0.010156 0.052778
4 0.748438 0.415972 0.032813 0.045833

5 0.504687488079071 0.609375 0.504687488079071 0.6171875 0.5015624761581421 0.620312511920929 0.49687498807907104 0.620312511920929 0.49687498807907104 0.676562488079071 0.5140625238418579 0.676562488079071 0.5140625238418579 0.609375