3 0.650391 0.261111 0.030469 0.125000
3 0.624609 0.256250 0.028906 0.112500
4 0.416406 0.156250 0.006250 0.023611
4 0.408984 0.156250 0.005469 0.029167
4 0.325781 0.139583 0.006250 0.031944
4 0.319141 0.138889 0.008594 0.036111
0 0.225781 0.127778 0.017188 0.027778
0 0.217969 0.168750 0.017188 0.012500
4 0.219922 0.213194 0.014844 0.023611
1 0.315234 0.263194 0.024219 0.043056
1 0.265234 0.275694 0.028906 0.056944
1 0.230078 0.273611 0.055469 0.075000
1 0.121484 0.309722 0.242969 0.252778
1 0.462500 0.302778 0.379688 0.277778
