1 0.870703 0.743056 0.257031 0.291667
1 0.109375 0.705556 0.217188 0.288889
1 0.566406 0.700694 0.217188 0.312500
1 0.251172 0.620139 0.135156 0.162500
1 0.323828 0.598611 0.060156 0.119444
1 0.716797 0.581944 0.077344 0.080556
1 0.399219 0.564583 0.046875 0.065278
1 0.422656 0.566667 0.010938 0.038889
1 0.431250 0.560417 0.012500 0.051389
4 0.496094 0.532639 0.043750 0.048611
0 0.146484 0.392361 0.030469 0.018056
0 0.676172 0.470139 0.027344 0.018056
0 0.671875 0.489583 0.014063 0.009722
4 0.142969 0.484028 0.020313 0.034722
4 0.246094 0.506944 0.010938 0.022222
4 0.376563 0.393056 0.009375 0.041667
4 0.539844 0.379861 0.010938 0.043056
4 0.673828 0.516667 0.013281 0.016667
4 0.718359 0.490278 0.017969 0.030556
4 0.367578 0.393750 0.005469 0.037500
4 0.385547 0.393750 0.008594 0.040278
4 0.535156 0.376389 0.009375 0.047222
4 0.554297 0.379167 0.011719 0.050000
1 0.444922 0.554167 0.011719 0.033333
4 0.263281 0.480556 0.009375 0.019444
1 0.776953 0.593750 0.053906 0.051389
0 0.165625 0.456944 0.017188 0.022222
1 0.162500 0.579167 0.068750 0.066667
