4 0.575781 0.211806 0.009375 0.043056
4 0.444531 0.242361 0.010938 0.034722
4 0.288672 0.362500 0.016406 0.025000
4 0.567969 0.213194 0.007812 0.040278
0 0.302344 0.317361 0.020313 0.015278
0 0.290625 0.302083 0.020313 0.012500
0 0.308594 0.297917 0.006250 0.015278
0 0.069922 0.207639 0.027344 0.034722
0 0.071484 0.234028 0.050781 0.031944
0 0.313281 0.335417 0.012500 0.031944
0 0.403125 0.334722 0.007812 0.016667
3 0.110938 0.394444 0.017188 0.027778
3 0.135547 0.398611 0.013281 0.025000
3 0.167188 0.419444 0.017188 0.044444
3 0.203906 0.413889 0.010938 0.022222
3 0.418359 0.430556 0.032031 0.100000
3 0.384375 0.445139 0.035938 0.140278
0 0.114844 0.315972 0.010938 0.054167
4 0.448828 0.397222 0.042969 0.066667
1 0.493750 0.376389 0.053125 0.033333
1 0.273828 0.496528 0.172656 0.198611
1 0.133984 0.628472 0.267969 0.437500
1 0.585938 0.542361 0.446875 0.559722
4 0.817969 0.369444 0.360938 0.733333
0 0.326953 0.390278 0.013281 0.011111

5 0.38593751192092896 0.37812501192092896 0.38593751192092896 0.38593751192092896 0.3843750059604645 0.38749998807907104 0.3843750059604645 0.3890624940395355 0.3828125 0.390625 0.3828125 0.3921875059604645 0.3812499940395355 0.39375001192092896 0.3812499940395355 0.39531248807907104 0.37968748807907104 0.3968749940395355 0.37968748807907104 0.3984375 0.37812501192092896 0.4000000059604645 0.37187498807907104 0.4000000059604645 0.37187498807907104 0.47187501192092896 0.37812501192092896 0.47187501192092896 0.37968748807907104 0.47343748807907104 0.37968748807907104 0.4749999940395355 0.3812499940395355 0.4765625 0.3812499940395355 0.4781250059604645 0.3828125 0.47968751192092896 0.3828125 0.48124998807907104 0.3843750059604645 0.4828124940395355 0.3843750059604645 0.4859375059604645 0.38593751192092896 0.48750001192092896 0.38593751192092896 0.4984374940395355 0.38749998807907104 0.5 0.38749998807907104 0.5140625238418579 0.40156251192092896 0.5140625238418579 0.40156251192092896 0.5093749761581421 0.3984375 0.5062500238418579 0.3984375 0.503125011920929 0.3968749940395355 0.5015624761581421 0.3968749940395355 0.4921875 0.3984375 0.4906249940395355 0.3984375 0.484375 0.4000000059604645 0.4828124940395355 0.4000000059604645 0.4625000059604645 0.3984375 0.4609375 0.3984375 0.4437499940395355 0.4000000059604645 0.44218748807907104 0.4000000059604645 0.4281249940395355 0.40156251192092896 0.42656248807907104 0.40156251192092896 0.421875 0.40312498807907104 0.4203124940395355 0.4078125059604645 0.4203124940395355 0.4078125059604645 0.40312498807907104 0.40312498807907104 0.40312498807907104 0.4000000059604645 0.4000000059604645 0.4000000059604645 0.3984375 0.3984375 0.3968749940395355 0.3984375 0.39531248807907104 0.3968749940395355 0.39375001192092896 0.3968749940395355 0.38749998807907104 0.3984375 0.38593751192092896 0.3984375 0.37812501192092896
5 0.3968749940395355 0.3843750059604645 0.3968749940395355 0.3968749940395355 0.40156251192092896 0.3968749940395355 0.40312498807907104 0.3984375 0.40312498807907104 0.4000000059604645 0.4046874940395355 0.40156251192092896 0.4046874940395355 0.40312498807907104 0.40312498807907104 0.4046874940395355 0.40312498807907104 0.41093748807907104 0.40156251192092896 0.4124999940395355 0.3968749940395355 0.4124999940395355 0.3968749940395355 0.4156250059604645 0.40156251192092896 0.4156250059604645 0.40312498807907104 0.41718751192092896 0.40312498807907104 0.421875 0.4046874940395355 0.4234375059604645 0.4046874940395355 0.43437498807907104 0.40312498807907104 0.4359374940395355 0.40312498807907104 0.4390625059604645 0.40156251192092896 0.44062501192092896 0.3968749940395355 0.44062501192092896 0.3968749940395355 0.47187501192092896 0.40156251192092896 0.47187501192092896 0.40312498807907104 0.47343748807907104 0.40312498807907104 0.48124998807907104 0.40625 0.484375 0.40625 0.48906248807907104 0.4124999940395355 0.48906248807907104 0.4124999940395355 0.484375 0.4140625 0.4828124940395355 0.4140625 0.48124998807907104 0.4156250059604645 0.47968751192092896 0.4156250059604645 0.4749999940395355 0.41718751192092896 0.47343748807907104 0.41718751192092896 0.46875 0.41874998807907104 0.4671874940395355 0.41874998807907104 0.4625000059604645 0.4203124940395355 0.4609375 0.4203124940395355 0.45625001192092896 0.421875 0.4546875059604645 0.421875 0.453125 0.4234375059604645 0.4515624940395355 0.4234375059604645 0.44999998807907104 0.4281249940395355 0.4453125 0.43281251192092896 0.4453125 0.43281251192092896 0.4203124940395355 0.4281249940395355 0.4203124940395355 0.42656248807907104 0.41874998807907104 0.42656248807907104 0.41718751192092896 0.42500001192092896 0.4156250059604645 0.42500001192092896 0.4124999940395355 0.4234375059604645 0.41093748807907104 0.4234375059604645 0.4046874940395355 0.421875 0.40312498807907104 0.421875 0.3984375 0.4203124940395355 0.3968749940395355 0.4203124940395355 0.39531248807907104 0.41874998807907104 0.39375001192092896 0.41874998807907104 0.3921875059604645 0.41718751192092896 0.390625 0.41718751192092896 0.3843750059604645