4 0.130078 0.145833 0.016406 0.061111
4 0.150000 0.148611 0.018750 0.072222
4 0.370703 0.229861 0.014844 0.040278
4 0.353906 0.221528 0.012500 0.048611
4 0.500781 0.375000 0.020313 0.025000
4 0.646094 0.308333 0.012500 0.041667
4 0.685938 0.304861 0.025000 0.048611
0 0.484766 0.354167 0.022656 0.013889
0 0.496875 0.323611 0.015625 0.011111
0 0.654297 0.203472 0.016406 0.098611
4 0.312891 0.388889 0.008594 0.019444
4 0.341016 0.391667 0.008594 0.019444
0 0.101172 0.355556 0.027344 0.019444
4 0.322656 0.410417 0.006250 0.015278
4 0.346094 0.411806 0.006250 0.012500
1 0.439063 0.468750 0.062500 0.084722
1 0.892578 0.470139 0.099219 0.101389
1 0.396484 0.463889 0.032031 0.050000
1 0.383594 0.456250 0.020313 0.040278
1 0.367969 0.442361 0.015625 0.026389
1 0.360938 0.439583 0.007812 0.023611
1 0.314453 0.445139 0.010156 0.018056
1 0.305859 0.446528 0.008594 0.020833
1 0.301172 0.451389 0.007031 0.019444
1 0.292187 0.456250 0.012500 0.020833
1 0.343359 0.443056 0.013281 0.016667
0 0.385547 0.415972 0.008594 0.006944
