0 0.370703 0.491667 0.013281 0.027778
0 0.495313 0.511111 0.012500 0.019444
0 0.102344 0.375694 0.093750 0.056944
0 0.104297 0.415972 0.063281 0.020833
0 0.103906 0.452778 0.014063 0.030556
0 0.108984 0.494444 0.016406 0.038889
0 0.097266 0.500694 0.008594 0.023611
1 0.919141 0.608333 0.160156 0.177778
1 0.824609 0.423611 0.049219 0.022222
1 0.721484 0.440278 0.027344 0.011111
1 0.531641 0.454167 0.013281 0.011111
1 0.503906 0.455556 0.015625 0.008333
1 0.458984 0.533333 0.011719 0.016667
1 0.412891 0.534028 0.013281 0.015278
1 0.426953 0.531944 0.021094 0.033333
1 0.287891 0.472222 0.008594 0.011111
1 0.252734 0.497222 0.011719 0.016667
1 0.320703 0.471528 0.013281 0.012500
1 0.266406 0.481944 0.007812 0.011111
1 0.292187 0.495139 0.012500 0.015278
1 0.271484 0.490278 0.010156 0.013889
1 0.289453 0.505556 0.013281 0.016667
1 0.277344 0.522222 0.020313 0.027778
1 0.251172 0.531944 0.025781 0.027778
1 0.189453 0.534722 0.032031 0.033333
1 0.139063 0.532639 0.059375 0.037500
