4 0.550781 0.104167 0.014063 0.072222
4 0.793750 0.317361 0.020313 0.040278
4 0.266016 0.204861 0.011719 0.045833
4 0.535938 0.099306 0.015625 0.070833
4 0.550000 0.348611 0.007812 0.019444
4 0.492969 0.349306 0.006250 0.023611
4 0.761328 0.318056 0.008594 0.030556
0 0.627734 0.111806 0.060156 0.048611
0 0.771094 0.231944 0.039062 0.025000
0 0.788281 0.199306 0.026563 0.023611
1 0.511719 0.397917 0.017188 0.023611
1 0.485156 0.397222 0.020313 0.036111
1 0.455078 0.393750 0.025781 0.029167
4 0.137891 0.385417 0.091406 0.079167
4 0.586719 0.389583 0.053125 0.112500
4 0.644922 0.390278 0.102344 0.150000
0 0.139844 0.243750 0.025000 0.023611
