0 0.287109 0.580556 0.027344 0.047222
0 0.928906 0.532639 0.023438 0.093056
0 0.903906 0.441667 0.039062 0.041667
0 0.953516 0.459722 0.052344 0.036111
0 0.077734 0.495833 0.021094 0.044444
3 0.566797 0.668750 0.008594 0.062500
3 0.558594 0.663889 0.009375 0.050000
3 0.575000 0.667361 0.009375 0.059722
1 0.426563 0.652778 0.009375 0.016667
1 0.414062 0.656250 0.014063 0.018056
1 0.400391 0.656944 0.014844 0.022222
1 0.386719 0.652083 0.015625 0.043056
1 0.370703 0.650694 0.036719 0.054167
1 0.449609 0.659722 0.007031 0.025000
1 0.456641 0.663889 0.014844 0.047222
1 0.464063 0.663889 0.018750 0.047222
1 0.506641 0.688194 0.088281 0.131944
1 0.343750 0.661111 0.046875 0.052778
1 0.169922 0.646528 0.072656 0.062500
1 0.433984 0.656944 0.011719 0.022222
