4 0.031641 0.411806 0.049219 0.079167
1 0.082813 0.431250 0.073438 0.084722
1 0.003516 0.425000 0.007031 0.016667
1 0.453906 0.401389 0.040625 0.086111
1 0.409375 0.402778 0.073438 0.088889
1 0.573047 0.377778 0.052344 0.080556
1 0.621875 0.387500 0.081250 0.127778
1 0.921875 0.402778 0.153125 0.180556
4 0.149609 0.277778 0.014844 0.036111
4 0.573828 0.260417 0.010156 0.031944
4 0.541797 0.316667 0.008594 0.019444
4 0.425391 0.279861 0.010156 0.029167
4 0.680859 0.325000 0.013281 0.025000
0 0.427344 0.315972 0.017188 0.015278
0 0.669141 0.273611 0.019531 0.016667
4 0.141406 0.364583 0.012500 0.020833
2 0.216797 0.386111 0.019531 0.047222
1 0.291797 0.476389 0.211719 0.188889
1 0.512500 0.455556 0.121875 0.186111
1 0.742578 0.445139 0.174219 0.193056
1 0.925781 0.600000 0.143750 0.330556
0 0.726953 0.268750 0.019531 0.023611
