4 0.305078 0.081944 0.014844 0.080556
4 0.314453 0.114583 0.019531 0.079167
4 0.195312 0.270833 0.017188 0.063889
4 0.200781 0.402778 0.014063 0.041667
4 0.342188 0.100694 0.025000 0.084722
4 0.278906 0.090278 0.025000 0.072222
4 0.283594 0.121528 0.025000 0.098611
0 0.176953 0.415972 0.030469 0.054167
0 0.484375 0.412500 0.020313 0.061111
0 0.533594 0.441667 0.015625 0.022222
3 0.556641 0.536806 0.019531 0.112500
1 0.519141 0.525000 0.067969 0.069444
1 0.757422 0.504861 0.022656 0.048611
1 0.785547 0.494444 0.058594 0.055556
1 0.846875 0.486111 0.043750 0.030556
1 0.110547 0.538889 0.047656 0.088889
1 0.897656 0.493056 0.045313 0.038889
4 0.412891 0.523611 0.146094 0.141667
1 0.217969 0.543056 0.243750 0.197222
1 0.667969 0.566667 0.195312 0.319444
1 0.843359 0.557639 0.105469 0.131944
1 0.044141 0.505556 0.088281 0.375000
0 0.369141 0.361111 0.014844 0.038889
0 0.033594 0.281944 0.025000 0.066667
0 0.217969 0.403472 0.020313 0.040278
4 0.935156 0.499306 0.071875 0.087500
