1 0.408594 0.554167 0.037500 0.025000
1 0.448828 0.565972 0.022656 0.015278
0 0.389453 0.543750 0.010156 0.018056
0 0.168750 0.238889 0.068750 0.105556
0 0.397656 0.438889 0.015625 0.027778
0 0.435156 0.440278 0.018750 0.027778
0 0.325781 0.433333 0.031250 0.052778
0 0.362500 0.436111 0.034375 0.055556
0 0.432813 0.400694 0.031250 0.023611
0 0.909766 0.318750 0.053906 0.106944
4 0.648438 0.415972 0.012500 0.040278
4 0.685938 0.416667 0.028125 0.047222
0 0.648047 0.345139 0.027344 0.062500
4 0.512109 0.368056 0.014844 0.047222
4 0.527734 0.425000 0.010156 0.041667
4 0.501953 0.456944 0.008594 0.041667
4 0.528125 0.465972 0.014063 0.023611
4 0.495313 0.493750 0.009375 0.018056
4 0.391016 0.499306 0.010156 0.018056
4 0.417188 0.493750 0.012500 0.020833
4 0.379297 0.386111 0.010156 0.044444
4 0.392578 0.382639 0.010156 0.034722
4 0.317969 0.300694 0.012500 0.023611
4 0.221094 0.447917 0.017188 0.015278
4 0.079688 0.397917 0.014063 0.023611
4 0.321875 0.475694 0.009375 0.009722
0 0.285547 0.490278 0.010156 0.022222
0 0.216406 0.486806 0.014063 0.018056
0 0.473047 0.520833 0.011719 0.022222
1 0.696484 0.601389 0.119531 0.077778
1 0.321484 0.552083 0.017969 0.023611
0 0.103125 0.331250 0.032813 0.023611
