0 0.091016 0.346528 0.053906 0.031944
0 0.114844 0.320833 0.029688 0.027778
0 0.196484 0.361806 0.027344 0.068056
0 0.199219 0.261111 0.042188 0.027778
0 0.119141 0.256250 0.052344 0.073611
0 0.583203 0.415278 0.024219 0.047222
0 0.794141 0.365972 0.053906 0.131944
0 0.072656 0.497222 0.026563 0.105556
3 0.134375 0.529167 0.029688 0.155556
4 0.510156 0.395833 0.004688 0.041667
4 0.426953 0.363194 0.005469 0.040278
4 0.415234 0.357639 0.007031 0.034722
4 0.292578 0.330556 0.010156 0.044444
4 0.281641 0.325000 0.008594 0.044444
4 0.187891 0.427778 0.013281 0.030556
4 0.171875 0.459722 0.014063 0.016667
4 0.526172 0.491667 0.286719 0.158333
4 0.315234 0.486111 0.139844 0.138889
1 0.260937 0.619444 0.192188 0.266667
3 0.743359 0.560417 0.039844 0.173611
1 0.094531 0.528472 0.015625 0.034722

5 0.13750000298023224 0.453125 0.13750000298023224 0.4593749940395355 0.13593749701976776 0.4609375 0.13593749701976776 0.46562498807907104 0.13437500596046448 0.4671874940395355 0.13437500596046448 0.46875 0.1328125 0.4703125059604645 0.1328125 0.47187501192092896 0.12968750298023224 0.4749999940395355 0.12968750298023224 0.4765625 0.12656250596046448 0.47968751192092896 0.12656250596046448 0.48124998807907104 0.125 0.4828124940395355 0.125 0.4859375059604645 0.12343750149011612 0.48750001192092896 0.12343750149011612 0.4984374940395355 0.12187500298023224 0.5 0.12187500298023224 0.504687488079071 0.12031249701976776 0.5062500238418579 0.11562500149011612 0.5062500238418579 0.11562500149011612 0.542187511920929 0.12031249701976776 0.542187511920929 0.12343750149011612 0.5453125238418579 0.12343750149011612 0.5640624761581421 0.12187500298023224 0.565625011920929 0.12187500298023224 0.567187488079071 0.12031249701976776 0.5687500238418579 0.11562500149011612 0.5687500238418579 0.11562500149011612 0.6078125238418579 0.140625 0.6078125238418579 0.140625 0.6000000238418579 0.13906249403953552 0.598437488079071 0.13906249403953552 0.596875011920929 0.13750000298023224 0.5953124761581421 0.13750000298023224 0.5687500238418579 0.13906249403953552 0.567187488079071 0.13906249403953552 0.559374988079071 0.140625 0.557812511920929 0.140625 0.550000011920929 0.14218750596046448 0.5484374761581421 0.14218750596046448 0.5453125238418579 0.14687499403953552 0.5406249761581421 0.15156249701976776 0.5406249761581421 0.15156249701976776 0.53125 0.14687499403953552 0.53125 0.14531250298023224 0.5296875238418579 0.14531250298023224 0.528124988079071 0.14374999701976776 0.526562511920929 0.14374999701976776 0.518750011920929 0.14218750596046448 0.5171874761581421 0.14218750596046448 0.512499988079071 0.14374999701976776 0.510937511920929 0.14374999701976776 0.4828124940395355 0.14531250298023224 0.48124998807907104 0.14531250298023224 0.4765625 0.14687499403953552 0.4749999940395355 0.15156249701976776 0.4749999940395355 0.15156249701976776 0.453125