1 0.378125 0.473611 0.010938 0.025000
1 0.362109 0.473611 0.019531 0.030556
1 0.344531 0.479861 0.015625 0.031944
1 0.328906 0.478472 0.020313 0.029167
1 0.287500 0.480556 0.020313 0.030556
4 0.165625 0.498611 0.076563 0.052778
1 0.054688 0.522222 0.071875 0.075000
1 0.011328 0.534722 0.022656 0.066667
1 0.492578 0.460417 0.011719 0.018056
1 0.508594 0.461111 0.025000 0.025000
1 0.470703 0.463889 0.036719 0.036111
1 0.634766 0.475000 0.047656 0.069444
1 0.669922 0.473611 0.064844 0.091667
1 0.767969 0.463889 0.153125 0.144444
1 0.921875 0.449306 0.150000 0.168056
4 0.482422 0.356250 0.007031 0.026389
4 0.539062 0.397222 0.009375 0.016667
4 0.540625 0.420139 0.010938 0.018056
