0 0.560547 0.503472 0.013281 0.023611
1 0.527344 0.537500 0.007812 0.027778
1 0.523828 0.537500 0.007031 0.027778
1 0.537891 0.537500 0.019531 0.036111
1 0.555078 0.542361 0.035156 0.043056
1 0.589844 0.549306 0.056250 0.081944
1 0.596094 0.556944 0.040625 0.072222
1 0.609375 0.568056 0.048438 0.100000
1 0.471484 0.538194 0.016406 0.029167
1 0.470313 0.540972 0.015625 0.029167
1 0.462109 0.538194 0.019531 0.034722
1 0.450391 0.538194 0.027344 0.037500
1 0.422266 0.545139 0.032031 0.059722
1 0.392188 0.550694 0.059375 0.087500
1 0.378125 0.559028 0.042188 0.090278
1 0.314453 0.575000 0.135156 0.158333
1 0.502344 0.545139 0.046875 0.073611
1 0.670703 0.571528 0.111719 0.156944
1 0.079688 0.684722 0.159375 0.302778
1 0.964453 0.858333 0.069531 0.277778
