0 0.666406 0.370139 0.018750 0.045833
0 0.698828 0.352083 0.027344 0.045833
0 0.699219 0.386111 0.028125 0.025000
4 0.421875 0.396528 0.006250 0.018056
4 0.533594 0.389583 0.006250 0.018056
1 0.416016 0.477778 0.010156 0.038889
1 0.404688 0.477083 0.021875 0.043056
1 0.396094 0.483333 0.018750 0.047222
1 0.371094 0.485417 0.043750 0.062500
1 0.531250 0.464583 0.010938 0.029167
1 0.544531 0.466667 0.012500 0.038889
1 0.555078 0.467361 0.019531 0.048611
1 0.565234 0.470833 0.027344 0.052778
1 0.585547 0.474306 0.035156 0.056944
1 0.611328 0.478472 0.038281 0.073611
1 0.639453 0.482639 0.060156 0.090278
1 0.319531 0.493056 0.070312 0.086111
1 0.246484 0.517361 0.091406 0.104167
1 0.141406 0.547917 0.132812 0.143056
1 0.521484 0.468056 0.027344 0.033333
1 0.465625 0.486111 0.071875 0.113889
1 0.700000 0.498611 0.117188 0.122222
1 0.049219 0.578472 0.098438 0.201389
