0 0.517578 0.606944 0.027344 0.061111
0 0.370313 0.560417 0.007812 0.043056
4 0.349609 0.470833 0.017969 0.069444
4 0.565234 0.300694 0.013281 0.073611
4 0.551563 0.304861 0.010938 0.070833
4 0.579297 0.300694 0.013281 0.076389
1 0.577734 0.705556 0.016406 0.019444
1 0.499609 0.692361 0.017969 0.020833
1 0.479688 0.695139 0.012500 0.015278
1 0.549609 0.707639 0.019531 0.023611
1 0.531250 0.701389 0.012500 0.019444
4 0.668750 0.644444 0.014063 0.044444
4 0.752344 0.242361 0.037500 0.159722
4 0.791406 0.242361 0.037500 0.151389
