1 0.578516 0.650694 0.266406 0.334722
1 0.508594 0.513194 0.089063 0.101389
4 0.511719 0.463889 0.096875 0.166667
4 0.464063 0.477083 0.020313 0.123611
1 0.971875 0.488889 0.051563 0.144444
1 0.072266 0.580556 0.072656 0.066667
4 0.179297 0.563889 0.053906 0.055556
1 0.222656 0.562500 0.032813 0.038889
4 0.249219 0.551389 0.042188 0.044444
1 0.305078 0.543750 0.025781 0.026389
1 0.394922 0.527778 0.010156 0.016667
1 0.419922 0.524306 0.013281 0.018056
1 0.445703 0.520139 0.014844 0.020833
0 0.151953 0.515278 0.008594 0.027778
0 0.221875 0.511111 0.018750 0.030556
0 0.311328 0.514583 0.007031 0.015278
0 0.367578 0.475000 0.019531 0.008333
0 0.419141 0.445833 0.007031 0.016667
4 0.417578 0.512500 0.016406 0.033333
4 0.439453 0.511111 0.021094 0.030556
4 0.398828 0.513194 0.025781 0.031944
0 0.381250 0.505556 0.012500 0.008333
1 0.325781 0.540278 0.023438 0.016667
1 0.289844 0.542361 0.014063 0.012500
1 0.721875 0.481250 0.046875 0.034722
