0 0.524219 0.318056 0.023438 0.033333
0 0.501172 0.318056 0.021094 0.033333
0 0.469531 0.322917 0.023438 0.031944
0 0.417578 0.347917 0.025781 0.018056
1 0.493359 0.384028 0.010156 0.015278
4 0.479297 0.371528 0.013281 0.012500
4 0.512500 0.370139 0.028125 0.045833
1 0.483594 0.390278 0.012500 0.025000
4 0.450391 0.378472 0.041406 0.095833
1 0.517188 0.400694 0.023438 0.023611
1 0.540234 0.384722 0.013281 0.022222
4 0.563281 0.372917 0.034375 0.062500
1 0.577734 0.406250 0.032031 0.065278
4 0.680469 0.352083 0.193750 0.281944
