4 0.521484 0.261806 0.014844 0.048611
4 0.633594 0.422222 0.009375 0.030556
4 0.352734 0.389583 0.010156 0.040278
4 0.936719 0.398611 0.017188 0.027778
4 0.934375 0.468056 0.015625 0.019444
0 0.540234 0.263194 0.014844 0.031944
0 0.561328 0.298611 0.036719 0.027778
0 0.607813 0.448611 0.021875 0.025000
0 0.606641 0.472917 0.013281 0.020833
0 0.605859 0.498611 0.011719 0.016667
0 0.606250 0.509722 0.014063 0.019444
0 0.604297 0.531250 0.014844 0.018056
0 0.339844 0.423611 0.029688 0.033333
0 0.339063 0.453472 0.017188 0.018056
0 0.337500 0.474306 0.010938 0.018056
0 0.335938 0.478472 0.010938 0.023611
0 0.337891 0.509028 0.013281 0.026389
1 0.389844 0.483333 0.020313 0.038889
1 0.366797 0.498611 0.025781 0.033333
1 0.362891 0.471528 0.024219 0.020833
0 0.301953 0.482639 0.021094 0.037500
0 0.299609 0.522917 0.019531 0.031944
1 0.321484 0.495139 0.016406 0.048611
1 0.276953 0.490972 0.030469 0.062500
1 0.161328 0.490278 0.042969 0.052778
1 0.220703 0.495139 0.085156 0.101389
1 0.088281 0.506250 0.101562 0.081944
1 0.764844 0.532639 0.064063 0.048611
1 0.881250 0.538194 0.076563 0.056944
1 0.970703 0.543056 0.055469 0.041667
1 0.820312 0.532639 0.035938 0.045833

5 0.29374998807907104 0.453125 0.29374998807907104 0.4625000059604645 0.29218751192092896 0.46406251192092896 0.29218751192092896 0.46875 0.2890625 0.47187501192092896 0.28437501192092896 0.47187501192092896 0.28437501192092896 0.5390625 0.30156248807907104 0.5390625 0.30156248807907104 0.5328124761581421 0.3062500059604645 0.528124988079071 0.30781251192092896 0.528124988079071 0.30937498807907104 0.526562511920929 0.3140625059604645 0.526562511920929 0.3140625059604645 0.4625000059604645 0.30937498807907104 0.4625000059604645 0.30781251192092896 0.4609375 0.30781251192092896 0.453125