0 0.281250 0.386111 0.023438 0.019444
0 0.339063 0.388194 0.015625 0.012500
0 0.333203 0.360417 0.016406 0.009722
0 0.559375 0.325694 0.031250 0.012500
0 0.546875 0.390972 0.009375 0.006944
0 0.580469 0.400000 0.007812 0.019444
4 0.440234 0.324306 0.007031 0.026389
4 0.529297 0.325000 0.007031 0.025000
4 0.502344 0.390972 0.003125 0.012500
4 0.521484 0.327083 0.007031 0.026389
1 0.405859 0.438889 0.019531 0.022222
1 0.420703 0.436806 0.013281 0.012500
1 0.396875 0.439583 0.014063 0.020833
1 0.383594 0.438889 0.026563 0.022222
1 0.361328 0.445139 0.041406 0.026389
1 0.345313 0.447222 0.039062 0.036111
1 0.326563 0.451389 0.040625 0.044444
1 0.225391 0.456944 0.052344 0.058333
1 0.185938 0.467361 0.087500 0.079167
1 0.454688 0.440972 0.009375 0.015278
1 0.464453 0.444444 0.016406 0.022222
1 0.505469 0.439583 0.009375 0.015278
1 0.496094 0.441667 0.014063 0.019444
1 0.651953 0.457639 0.069531 0.084722
1 0.671484 0.473611 0.055469 0.086111
1 0.735938 0.475000 0.121875 0.133333
1 0.435938 0.448611 0.032813 0.044444
1 0.483203 0.447917 0.025781 0.040278
1 0.551172 0.445833 0.021094 0.030556
1 0.580859 0.452778 0.033594 0.041667
1 0.100000 0.547917 0.200000 0.490278
1 0.883203 0.498611 0.227344 0.302778
2 0.665234 0.470139 0.025781 0.112500
4 0.664453 0.501389 0.032031 0.094444

5 0.6578124761581421 0.421875 0.6578124761581421 0.4312500059604645 0.65625 0.43281251192092896 0.65625 0.4375 0.6546875238418579 0.4390625059604645 0.6546875238418579 0.44218748807907104 0.651562511920929 0.4453125 0.6468750238418579 0.4453125 0.6468750238418579 0.4515624940395355 0.651562511920929 0.4515624940395355 0.653124988079071 0.453125 0.653124988079071 0.4546875059604645 0.6546875238418579 0.45625001192092896 0.6546875238418579 0.4625000059604645 0.65625 0.46406251192092896 0.65625 0.4828124940395355 0.6546875238418579 0.484375 0.6546875238418579 0.4921875 0.653124988079071 0.4937500059604645 0.653124988079071 0.49531251192092896 0.651562511920929 0.49687498807907104 0.6468750238418579 0.49687498807907104 0.6468750238418579 0.5078125 0.651562511920929 0.5078125 0.65625 0.512499988079071 0.65625 0.515625 0.6578124761581421 0.5171874761581421 0.6578124761581421 0.518750011920929 0.660937488079071 0.5218750238418579 0.660937488079071 0.5328124761581421 0.676562488079071 0.5328124761581421 0.676562488079071 0.528124988079071 0.675000011920929 0.526562511920929 0.675000011920929 0.4828124940395355 0.676562488079071 0.48124998807907104 0.676562488079071 0.4703125059604645 0.6781250238418579 0.46875 0.682812511920929 0.46875 0.682812511920929 0.4453125 0.6781250238418579 0.4453125 0.675000011920929 0.44218748807907104 0.675000011920929 0.44062501192092896 0.6734374761581421 0.4390625059604645 0.6734374761581421 0.4359374940395355 0.671875 0.43437498807907104 0.671875 0.43281251192092896 0.6703125238418579 0.4312500059604645 0.6703125238418579 0.4296875 0.668749988079071 0.4281249940395355 0.668749988079071 0.421875