4 0.555469 0.296528 0.009375 0.051389
4 0.451953 0.352083 0.010156 0.040278
4 0.196094 0.381250 0.010938 0.031944
4 0.169922 0.379861 0.017969 0.040278
4 0.509766 0.411111 0.005469 0.030556
1 0.495313 0.454861 0.010938 0.040278
1 0.507031 0.481944 0.025000 0.075000
1 0.535156 0.483333 0.042188 0.077778
1 0.578516 0.497222 0.066406 0.097222
1 0.898828 0.439583 0.136719 0.126389
1 0.205469 0.549306 0.026563 0.115278
1 0.728125 0.528472 0.270313 0.398611
1 0.102734 0.594444 0.205469 0.450000
1 0.364063 0.626389 0.320312 0.500000
0 0.218750 0.344444 0.023438 0.044444
0 0.678125 0.292361 0.020313 0.037500
0 0.637500 0.333333 0.009375 0.038889
