1 0.255078 0.534722 0.210156 0.194444
4 0.586719 0.424306 0.078125 0.190278
1 0.673047 0.465278 0.078906 0.052778
1 0.120703 0.468750 0.082031 0.093056
1 0.144531 0.479167 0.082813 0.086111
1 0.195312 0.477083 0.039062 0.062500
4 0.373047 0.461111 0.066406 0.052778
1 0.517578 0.460417 0.035156 0.048611
0 0.411719 0.389583 0.015625 0.029167
0 0.425781 0.431944 0.009375 0.013889
0 0.422656 0.416667 0.009375 0.016667
0 0.678906 0.384028 0.015625 0.018056
0 0.657813 0.400000 0.012500 0.036111
0 0.677734 0.413194 0.011719 0.018056
0 0.665234 0.428472 0.011719 0.020833
