1 0.806641 0.631944 0.383594 0.505556
1 0.564453 0.515972 0.085156 0.084722
1 0.285938 0.514583 0.123438 0.165278
1 0.507812 0.497222 0.053125 0.055556
1 0.347266 0.496528 0.046094 0.109722
1 0.477734 0.475694 0.028906 0.029167
4 0.465234 0.465278 0.028906 0.050000
0 0.252344 0.346528 0.015625 0.023611
1 0.411719 0.478472 0.028125 0.020833

5 0.46875 0.46562498807907104 0.46875 0.47187501192092896 0.4703125059604645 0.47343748807907104 0.4703125059604645 0.47968751192092896 0.46875 0.48124998807907104 0.46875 0.4828124940395355 0.45781248807907104 0.4937500059604645 0.453125 0.4937500059604645 0.453125 0.5296875238418579 0.45781248807907104 0.5296875238418579 0.4609375 0.5328124761581421 0.4609375 0.534375011920929 0.46406251192092896 0.5375000238418579 0.46406251192092896 0.5390625 0.46875 0.543749988079071 0.46875 0.5453125238418579 0.4703125059604645 0.546875 0.4703125059604645 0.551562488079071 0.4781250059604645 0.551562488079071 0.4781250059604645 0.5406249761581421 0.4765625 0.5390625 0.4765625 0.534375011920929 0.4781250059604645 0.5328124761581421 0.4781250059604645 0.5249999761581421 0.47968751192092896 0.5234375 0.47968751192092896 0.5218750238418579 0.484375 0.5171874761581421 0.484375 0.512499988079071 0.4859375059604645 0.510937511920929 0.4859375059604645 0.5078125 0.48750001192092896 0.5062500238418579 0.48750001192092896 0.503125011920929 0.48906248807907104 0.5015624761581421 0.49531251192092896 0.5015624761581421 0.49531251192092896 0.46562498807907104