0 0.521094 0.320833 0.062500 0.022222
0 0.560156 0.337500 0.025000 0.030556
0 0.574609 0.386111 0.013281 0.027778
0 0.621484 0.381250 0.025781 0.012500
0 0.417969 0.420139 0.014063 0.020833
0 0.168359 0.365278 0.050781 0.016667
4 0.185156 0.356944 0.007812 0.041667
4 0.195703 0.354861 0.010156 0.037500
4 0.486328 0.345833 0.008594 0.002778
4 0.487109 0.322917 0.011719 0.048611
4 0.471094 0.320833 0.007812 0.047222
0 0.510156 0.448611 0.026563 0.008333
4 0.620703 0.427083 0.019531 0.031944
0 0.856250 0.374306 0.023438 0.040278
0 0.854688 0.411111 0.020313 0.033333
0 0.871484 0.392361 0.022656 0.009722
0 0.857813 0.345139 0.026563 0.023611
0 0.958594 0.408333 0.009375 0.027778
0 0.991406 0.432639 0.012500 0.023611
4 0.162500 0.418056 0.021875 0.016667
1 0.414844 0.511111 0.048438 0.075000
1 0.336328 0.566667 0.169531 0.200000
1 0.212891 0.497917 0.133594 0.156944
1 0.692578 0.515278 0.094531 0.055556
1 0.804688 0.506944 0.106250 0.066667
1 0.942578 0.507639 0.107031 0.073611
1 0.133203 0.645139 0.264844 0.518056
1 0.540234 0.654167 0.300781 0.408333
4 0.574219 0.408333 0.007812 0.022222
