0 0.496094 0.144444 0.081250 0.044444
0 0.587891 0.183333 0.046094 0.038889
0 0.692188 0.246528 0.029688 0.020833
0 0.676563 0.267361 0.039062 0.026389
0 0.678125 0.322917 0.021875 0.068056
4 0.695703 0.350694 0.032031 0.034722
0 0.586328 0.205556 0.041406 0.022222
0 0.498047 0.314583 0.053906 0.037500
0 0.548438 0.352083 0.015625 0.031944
0 0.503516 0.365972 0.007031 0.009722
0 0.485938 0.371528 0.010938 0.018056
0 0.367969 0.361806 0.023438 0.012500
0 0.197656 0.345139 0.010938 0.034722
4 0.334766 0.385417 0.010156 0.026389
4 0.309766 0.379167 0.013281 0.022222
1 0.216406 0.442361 0.067187 0.070833
1 0.360938 0.421528 0.015625 0.031944
1 0.387891 0.427083 0.033594 0.040278
4 0.430078 0.154861 0.016406 0.056944
4 0.453125 0.358333 0.009375 0.022222
1 0.482813 0.429167 0.017188 0.036111
1 0.483594 0.437500 0.015625 0.030556
1 0.499609 0.440278 0.016406 0.036111
1 0.513672 0.456944 0.024219 0.061111
1 0.562500 0.471528 0.075000 0.104167
1 0.337109 0.430556 0.035156 0.030556
1 0.442969 0.448611 0.053125 0.066667
1 0.121875 0.505556 0.243750 0.319444
