3 0.535938 0.374306 0.007812 0.068056
3 0.531641 0.377778 0.011719 0.061111
3 0.541797 0.377083 0.010156 0.065278
3 0.477344 0.357639 0.006250 0.029167
3 0.491797 0.358333 0.008594 0.036111
3 0.621875 0.400694 0.017188 0.093056
3 0.603906 0.386806 0.010938 0.090278
3 0.585547 0.386806 0.011719 0.087500
3 0.610547 0.386111 0.011719 0.091667
3 0.916797 0.422917 0.024219 0.140278
3 0.905469 0.428472 0.015625 0.115278
3 0.939844 0.430556 0.026563 0.161111
3 0.885547 0.450000 0.030469 0.186111
3 0.923047 0.416667 0.014844 0.113889
3 0.946484 0.453472 0.069531 0.231944
3 0.484375 0.373611 0.009375 0.061111
3 0.593359 0.397917 0.017969 0.112500
3 0.498828 0.378472 0.010156 0.070833
3 0.509375 0.375694 0.012500 0.065278
3 0.458594 0.355556 0.006250 0.022222
3 0.471484 0.375694 0.007031 0.059722
3 0.523438 0.381250 0.014063 0.073611
3 0.885547 0.458333 0.032031 0.244444
3 0.982813 0.455556 0.031250 0.241667
4 0.074609 0.049306 0.016406 0.059722
4 0.391016 0.077778 0.013281 0.058333
4 0.575391 0.115278 0.016406 0.063889
4 0.590234 0.270833 0.017969 0.030556
4 0.579297 0.270139 0.011719 0.031944
4 0.129297 0.284028 0.102344 0.112500
4 0.212500 0.295833 0.068750 0.141667
4 0.403125 0.286806 0.050000 0.026389
4 0.302734 0.310417 0.128906 0.254167
1 0.209375 0.368056 0.065625 0.088889
1 0.121875 0.354861 0.120313 0.162500
1 0.056641 0.377083 0.113281 0.226389
1 0.742188 0.438194 0.257812 0.351389
1 0.360938 0.446528 0.228125 0.320833
4 0.380859 0.081250 0.010156 0.056944
0 0.033984 0.190972 0.010156 0.029167
0 0.025391 0.186806 0.008594 0.020833
0 0.518359 0.161111 0.033594 0.055556
0 0.570312 0.209028 0.031250 0.023611
0 0.565625 0.237500 0.020313 0.038889
4 0.025000 0.236111 0.050000 0.091667

5 0.948437511920929 0.34062498807907104 0.948437511920929 0.34843748807907104 0.9468749761581421 0.3499999940395355 0.9468749761581421 0.35468751192092896 0.9453125 0.35624998807907104 0.9453125 0.3671875 0.948437511920929 0.3671875 0.949999988079071 0.3687500059604645 0.9515625238418579 0.3687500059604645 0.953125 0.37031251192092896 0.953125 0.37187498807907104 0.9515625238418579 0.3734374940395355 0.949999988079071 0.3734374940395355 0.949999988079071 0.3765625059604645 0.948437511920929 0.37812501192092896 0.948437511920929 0.3828125 0.9453125 0.38593751192092896 0.9437500238418579 0.38593751192092896 0.940625011920929 0.3828125 0.940625011920929 0.3734374940395355 0.940625011920929 0.390625 0.9390624761581421 0.3921875059604645 0.9390624761581421 0.3984375 0.9375 0.4000000059604645 0.9375 0.4046874940395355 0.9359375238418579 0.40625 0.9359375238418579 0.4156250059604645 0.9375 0.41718751192092896 0.9375 0.41874998807907104 0.9390624761581421 0.4203124940395355 0.9390624761581421 0.421875 0.940625011920929 0.4234375059604645 0.940625011920929 0.44218748807907104 0.9390624761581421 0.4437499940395355 0.9390624761581421 0.4546875059604645 0.9375 0.45625001192092896 0.9375 0.4609375 0.9359375238418579 0.4625000059604645 0.9359375238418579 0.46562498807907104 0.934374988079071 0.4671874940395355 0.934374988079071 0.46875 0.932812511920929 0.4703125059604645 0.932812511920929 0.47343748807907104 0.9312499761581421 0.4749999940395355 0.9312499761581421 0.4828124940395355 0.9296875 0.484375 0.9296875 0.5078125 0.9281250238418579 0.5093749761581421 0.9281250238418579 0.5140625238418579 0.926562488079071 0.515625 0.926562488079071 0.520312488079071 0.925000011920929 0.5218750238418579 0.925000011920929 0.5296875238418579 0.9234374761581421 0.53125 0.9234374761581421 0.534375011920929 0.9203125238418579 0.5375000238418579 0.9156249761581421 0.5375000238418579 0.9156249761581421 0.559374988079071 0.925000011920929 0.559374988079071 0.926562488079071 0.5609375238418579 0.9281250238418579 0.5609375238418579 0.9296875 0.559374988079071 0.9312499761581421 0.559374988079071 0.9312499761581421 0.557812511920929 0.932812511920929 0.5562499761581421 0.932812511920929 0.5546875 0.934374988079071 0.5531250238418579 0.934374988079071 0.5484374761581421 0.9359375238418579 0.546875 0.9359375238418579 0.535937488079071 0.9375 0.534375011920929 0.9375 0.5296875238418579 0.9390624761581421 0.528124988079071 0.9390624761581421 0.5249999761581421 0.940625011920929 0.5234375 0.940625011920929 0.520312488079071 0.942187488079071 0.518750011920929 0.942187488079071 0.5140625238418579 0.9437500238418579 0.512499988079071 0.9437500238418579 0.5062500238418579 0.9453125 0.504687488079071 0.9453125 0.5015624761581421 0.9468749761581421 0.5 0.9468749761581421 0.4984374940395355 0.948437511920929 0.49687498807907104 0.948437511920929 0.49531251192092896 0.949999988079071 0.4937500059604645 0.949999988079071 0.4921875 0.9515625238418579 0.4906249940395355 0.953125 0.4906249940395355 0.9546874761581421 0.4921875 0.9546874761581421 0.49531251192092896 0.956250011920929 0.49687498807907104 0.956250011920929 0.503125011920929 0.957812488079071 0.504687488079071 0.957812488079071 0.5078125 0.9593750238418579 0.5093749761581421 0.9593750238418579 0.512499988079071 0.9609375 0.5140625238418579 0.9609375 0.518750011920929 0.9624999761581421 0.520312488079071 0.9624999761581421 0.5296875238418579 0.964062511920929 0.53125 0.964062511920929 0.5390625 0.965624988079071 0.5406249761581421 0.965624988079071 0.5531250238418579 0.964062511920929 0.5546875 0.964062511920929 0.557812511920929 0.9624999761581421 0.559374988079071 0.9624999761581421 0.5703125 0.9828125238418579 0.5703125 0.9828125238418579 0.5093749761581421 0.9781249761581421 0.5093749761581421 0.9750000238418579 0.5062500238418579 0.9750000238418579 0.503125011920929 0.973437488079071 0.5015624761581421 0.973437488079071 0.49531251192092896 0.971875011920929 0.4937500059604645 0.971875011920929 0.48906248807907104 0.9703124761581421 0.48750001192092896 0.9703124761581421 0.47187501192092896 0.96875 0.4703125059604645 0.96875 0.453125 0.9671875238418579 0.4515624940395355 0.9671875238418579 0.421875 0.96875 0.4203124940395355 0.96875 0.4156250059604645 0.9703124761581421 0.4140625 0.9703124761581421 0.41093748807907104 0.971875011920929 0.40937501192092896 0.971875011920929 0.4046874940395355 0.973437488079071 0.40312498807907104 0.973437488079071 0.37812501192092896 0.971875011920929 0.3765625059604645 0.971875011920929 0.3734374940395355 0.9703124761581421 0.37187498807907104 0.9703124761581421 0.37031251192092896 0.9671875238418579 0.3671875 0.9671875238418579 0.3656249940395355 0.965624988079071 0.36406248807907104 0.965624988079071 0.35624998807907104 0.964062511920929 0.35468751192092896 0.964062511920929 0.3499999940395355 0.9624999761581421 0.34843748807907104 0.9624999761581421 0.34062498807907104
5 0.5859375 0.34062498807907104 0.5859375 0.3531250059604645 0.5843750238418579 0.35468751192092896 0.5843750238418579 0.35624998807907104 0.582812488079071 0.3578124940395355 0.578125 0.3578124940395355 0.578125 0.4156250059604645 0.582812488079071 0.4156250059604645 0.5843750238418579 0.41718751192092896 0.5843750238418579 0.4234375059604645 0.5859375 0.42500001192092896 0.5859375 0.44218748807907104 0.5874999761581421 0.4437499940395355 0.5874999761581421 0.4515624940395355 0.598437488079071 0.4515624940395355 0.598437488079071 0.4468750059604645 0.6000000238418579 0.4453125 0.6000000238418579 0.4359374940395355 0.6015625 0.43437498807907104 0.6015625 0.4296875 0.6031249761581421 0.4281249940395355 0.6078125238418579 0.4281249940395355 0.6078125238418579 0.37031251192092896 0.6031249761581421 0.37031251192092896 0.6000000238418579 0.3671875 0.6000000238418579 0.36250001192092896 0.598437488079071 0.3609375059604645 0.598437488079071 0.35468751192092896 0.596875011920929 0.3531250059604645 0.596875011920929 0.34062498807907104
5 0.981249988079071 0.34062498807907104 0.981249988079071 0.34843748807907104 0.979687511920929 0.3499999940395355 0.979687511920929 0.3531250059604645 0.981249988079071 0.35468751192092896 0.981249988079071 0.36250001192092896 0.9828125238418579 0.36406248807907104 0.9828125238418579 0.37187498807907104 0.981249988079071 0.3734374940395355 0.981249988079071 0.3812499940395355 0.979687511920929 0.3828125 0.979687511920929 0.3890624940395355 0.9781249761581421 0.390625 0.9781249761581421 0.39531248807907104 0.9765625 0.3968749940395355 0.9765625 0.3984375 0.9750000238418579 0.4000000059604645 0.9750000238418579 0.40312498807907104 0.973437488079071 0.4046874940395355 0.973437488079071 0.4078125059604645 0.9703124761581421 0.41093748807907104 0.965624988079071 0.41093748807907104 0.965624988079071 0.4468750059604645 0.9703124761581421 0.4468750059604645 0.971875011920929 0.44843751192092896 0.971875011920929 0.44999998807907104 0.973437488079071 0.4515624940395355 0.973437488079071 0.49531251192092896 0.9750000238418579 0.49687498807907104 0.9750000238418579 0.504687488079071 0.9765625 0.5062500238418579 0.9765625 0.5093749761581421 0.9781249761581421 0.510937511920929 0.9781249761581421 0.5171874761581421 0.979687511920929 0.518750011920929 0.979687511920929 0.5249999761581421 0.981249988079071 0.526562511920929 0.981249988079071 0.534375011920929 0.979687511920929 0.535937488079071 0.979687511920929 0.5390625 0.9781249761581421 0.5406249761581421 0.9765625 0.5406249761581421 0.971875011920929 0.535937488079071 0.965624988079071 0.535937488079071 0.965624988079071 0.5453125238418579 0.9984375238418579 0.5453125238418579 0.9984375238418579 0.34062498807907104
5 0.879687488079071 0.3343749940395355 0.879687488079071 0.359375 0.8812500238418579 0.3609375059604645 0.8812500238418579 0.36406248807907104 0.8828125 0.3656249940395355 0.8828125 0.3687500059604645 0.8843749761581421 0.37031251192092896 0.8843749761581421 0.37187498807907104 0.8828125 0.3734374940395355 0.8828125 0.375 0.8812500238418579 0.3765625059604645 0.8812500238418579 0.37812501192092896 0.879687488079071 0.37968748807907104 0.879687488079071 0.3812499940395355 0.878125011920929 0.3828125 0.878125011920929 0.3843750059604645 0.8765624761581421 0.38593751192092896 0.8765624761581421 0.38749998807907104 0.875 0.3890624940395355 0.875 0.3921875059604645 0.8734375238418579 0.39375001192092896 0.8734375238418579 0.40312498807907104 0.871874988079071 0.4046874940395355 0.871874988079071 0.40625 0.870312511920929 0.4078125059604645 0.8656250238418579 0.4078125059604645 0.8656250238418579 0.46875 0.870312511920929 0.46875 0.871874988079071 0.4703125059604645 0.871874988079071 0.4781250059604645 0.8734375238418579 0.47968751192092896 0.8734375238418579 0.484375 0.875 0.4859375059604645 0.875 0.518750011920929 0.8765624761581421 0.520312488079071 0.8765624761581421 0.528124988079071 0.875 0.5296875238418579 0.875 0.5562499761581421 0.8734375238418579 0.557812511920929 0.8734375238418579 0.5625 0.871874988079071 0.5640624761581421 0.871874988079071 0.565625011920929 0.8734375238418579 0.567187488079071 0.8734375238418579 0.5687500238418579 0.875 0.5703125 0.875 0.5765625238418579 0.893750011920929 0.5765625238418579 0.893750011920929 0.5625 0.895312488079071 0.5609375238418579 0.895312488079071 0.550000011920929 0.8968750238418579 0.5484374761581421 0.8968750238418579 0.526562511920929 0.8984375 0.5249999761581421 0.8984375 0.512499988079071 0.8999999761581421 0.510937511920929 0.8999999761581421 0.4906249940395355 0.9046875238418579 0.4859375059604645 0.9078124761581421 0.4859375059604645 0.910937488079071 0.4828124940395355 0.910937488079071 0.4625000059604645 0.909375011920929 0.4609375 0.909375011920929 0.4515624940395355 0.910937488079071 0.44999998807907104 0.910937488079071 0.44218748807907104 0.9125000238418579 0.44062501192092896 0.9125000238418579 0.4390625059604645 0.9156249761581421 0.4359374940395355 0.9203125238418579 0.4359374940395355 0.9203125238418579 0.3843750059604645 0.9156249761581421 0.3843750059604645 0.9125000238418579 0.3812499940395355 0.9125000238418579 0.37812501192092896 0.910937488079071 0.3765625059604645 0.910937488079071 0.375 0.9046875238418579 0.3687500059604645 0.903124988079071 0.3687500059604645 0.901562511920929 0.3671875 0.901562511920929 0.3656249940395355 0.8999999761581421 0.36406248807907104 0.8999999761581421 0.3609375059604645 0.8984375 0.359375 0.8984375 0.3343749940395355
5 0.4781250059604645 0.34062498807907104 0.4781250059604645 0.40156251192092896 0.484375 0.40156251192092896 0.4859375059604645 0.40312498807907104 0.4859375059604645 0.4078125059604645 0.4937500059604645 0.4078125059604645 0.4937500059604645 0.40312498807907104 0.49687498807907104 0.4000000059604645 0.5015624761581421 0.4000000059604645 0.5015624761581421 0.34062498807907104
5 0.528124988079071 0.34062498807907104 0.528124988079071 0.4046874940395355 0.5406249761581421 0.4046874940395355 0.5453125238418579 0.40937501192092896 0.5453125238418579 0.4140625 0.551562488079071 0.4140625 0.551562488079071 0.3578124940395355 0.546875 0.3578124940395355 0.543749988079071 0.35468751192092896 0.543749988079071 0.3531250059604645 0.542187511920929 0.3515625 0.542187511920929 0.3499999940395355 0.5406249761581421 0.34843748807907104 0.5406249761581421 0.34062498807907104
5 0.4593749940395355 0.34687501192092896 0.4593749940395355 0.39531248807907104 0.46406251192092896 0.39531248807907104 0.46562498807907104 0.3968749940395355 0.46562498807907104 0.40156251192092896 0.4828124940395355 0.40156251192092896 0.4828124940395355 0.3609375059604645 0.4781250059604645 0.3609375059604645 0.4765625 0.359375 0.4765625 0.35624998807907104 0.4749999940395355 0.35468751192092896 0.4749999940395355 0.34687501192092896
5 0.5843750238418579 0.34687501192092896 0.5843750238418579 0.4453125 0.6000000238418579 0.4453125 0.6000000238418579 0.4312500059604645 0.6015625 0.4296875 0.6015625 0.42500001192092896 0.6031249761581421 0.4234375059604645 0.6078125238418579 0.4234375059604645 0.6078125238418579 0.3968749940395355 0.6031249761581421 0.3968749940395355 0.6015625 0.39531248807907104 0.6015625 0.3828125 0.6031249761581421 0.3812499940395355 0.6078125238418579 0.3812499940395355 0.6078125238418579 0.37187498807907104 0.6031249761581421 0.37187498807907104 0.6000000238418579 0.3687500059604645 0.6000000238418579 0.3656249940395355 0.598437488079071 0.36406248807907104 0.598437488079071 0.35468751192092896 0.596875011920929 0.3531250059604645 0.596875011920929 0.34687501192092896
5 0.5093749761581421 0.34062498807907104 0.5093749761581421 0.4203124940395355 0.5296875238418579 0.4203124940395355 0.5296875238418579 0.4078125059604645 0.53125 0.40625 0.53125 0.40312498807907104 0.5328124761581421 0.40156251192092896 0.5328124761581421 0.4000000059604645 0.534375011920929 0.3984375 0.5390625 0.3984375 0.5390625 0.34062498807907104 0.528124988079071 0.34062498807907104 0.528124988079071 0.3453125059604645 0.526562511920929 0.34687501192092896 0.526562511920929 0.34843748807907104 0.5249999761581421 0.3499999940395355 0.5249999761581421 0.3531250059604645 0.5218750238418579 0.35624998807907104 0.518750011920929 0.35624998807907104 0.515625 0.3531250059604645 0.515625 0.34062498807907104
5 0.528124988079071 0.34062498807907104 0.528124988079071 0.40312498807907104 0.534375011920929 0.40312498807907104 0.535937488079071 0.40156251192092896 0.535937488079071 0.3984375 0.5375000238418579 0.3968749940395355 0.5375000238418579 0.39531248807907104 0.5406249761581421 0.3921875059604645 0.5453125238418579 0.3921875059604645 0.5453125238418579 0.34062498807907104