4 0.362891 0.268750 0.007031 0.023611
4 0.528125 0.274306 0.007812 0.023611
4 0.368750 0.268056 0.007812 0.025000
4 0.533594 0.276389 0.007812 0.019444
0 0.254297 0.305556 0.017969 0.016667
0 0.683203 0.274306 0.019531 0.037500
4 0.272656 0.377083 0.057813 0.093056
1 0.498828 0.380556 0.046094 0.077778
1 0.535156 0.368056 0.010938 0.019444
1 0.546875 0.365278 0.012500 0.027778
1 0.595313 0.376389 0.017188 0.044444
1 0.617578 0.371528 0.049219 0.062500
1 0.739844 0.389583 0.125000 0.143056
1 0.826563 0.424306 0.137500 0.159722
1 0.556641 0.372917 0.019531 0.023611
1 0.636328 0.386111 0.055469 0.061111
1 0.199609 0.424306 0.141406 0.140278
1 0.421094 0.373611 0.132812 0.247222
1 0.020313 0.442361 0.040625 0.098611
1 0.928125 0.406250 0.142187 0.293056
