0 0.245313 0.393750 0.035938 0.029167
0 0.308594 0.388194 0.015625 0.037500
0 0.391016 0.443056 0.014844 0.036111
0 0.450781 0.410417 0.050000 0.037500
0 0.507031 0.413889 0.054688 0.038889
0 0.559375 0.416667 0.039062 0.036111
1 0.500781 0.492361 0.018750 0.037500
1 0.526172 0.497222 0.036719 0.055556
1 0.484375 0.490972 0.012500 0.015278
1 0.475391 0.488889 0.007031 0.013889
1 0.441016 0.511806 0.071094 0.112500
1 0.560156 0.509028 0.054688 0.084722
1 0.616406 0.509028 0.054688 0.070833
1 0.836719 0.515972 0.200000 0.237500
1 0.351172 0.475694 0.052344 0.048611
