0 0.495313 0.394444 0.032813 0.036111
0 0.415234 0.376389 0.013281 0.025000
0 0.523047 0.401389 0.019531 0.025000
0 0.457031 0.398611 0.012500 0.019444
1 0.385156 0.434028 0.026563 0.029167
1 0.346484 0.415278 0.022656 0.019444
4 0.278516 0.409028 0.113281 0.101389
1 0.142187 0.425694 0.050000 0.034722
1 0.080078 0.421528 0.058594 0.043056
1 0.449609 0.423611 0.013281 0.013889
1 0.422266 0.418056 0.011719 0.013889
1 0.480078 0.416667 0.011719 0.011111
1 0.580859 0.452083 0.022656 0.026389
1 0.359766 0.425694 0.014844 0.023611
