4 0.382031 0.303472 0.015625 0.059722
4 0.401953 0.305556 0.016406 0.061111
4 0.580859 0.496528 0.019531 0.023611
4 0.812109 0.376389 0.022656 0.080556
4 0.011328 0.094444 0.021094 0.100000
4 0.005469 0.461111 0.010938 0.030556
4 0.019531 0.461111 0.012500 0.030556
4 0.876953 0.372222 0.042969 0.072222
0 0.034375 0.382639 0.035938 0.020833
0 0.559375 0.425694 0.031250 0.018056
0 0.852344 0.051389 0.032813 0.072222
0 0.867969 0.133333 0.054688 0.041667
0 0.830078 0.256250 0.066406 0.062500
0 0.854688 0.334722 0.048438 0.119444
0 0.479297 0.516667 0.010156 0.036111
4 0.338672 0.489583 0.005469 0.018056
4 0.409375 0.493056 0.004688 0.016667
3 0.646094 0.620833 0.035938 0.147222
3 0.619531 0.611806 0.029688 0.126389
3 0.670703 0.620833 0.028906 0.133333
3 0.548438 0.584722 0.014063 0.055556
3 0.518750 0.575000 0.014063 0.058333
3 0.088281 0.565972 0.017188 0.065278
1 0.207422 0.762500 0.414844 0.466667
1 0.351562 0.585417 0.092188 0.126389
1 0.400391 0.590972 0.019531 0.087500
1 0.416406 0.566667 0.026563 0.033333
1 0.437109 0.575000 0.024219 0.036111
1 0.466406 0.593056 0.056250 0.075000
1 0.823828 0.605556 0.258594 0.152778

5 0.6640625 0.5531250238418579 0.6640625 0.5625 0.6625000238418579 0.5640624761581421 0.6625000238418579 0.567187488079071 0.660937488079071 0.5687500238418579 0.660937488079071 0.5703125 0.6578124761581421 0.573437511920929 0.653124988079071 0.573437511920929 0.653124988079071 0.6312500238418579 0.6578124761581421 0.6312500238418579 0.659375011920929 0.6328125 0.659375011920929 0.637499988079071 0.660937488079071 0.6390625238418579 0.660937488079071 0.6421874761581421 0.659375011920929 0.643750011920929 0.659375011920929 0.6484375 0.6578124761581421 0.6499999761581421 0.653124988079071 0.6499999761581421 0.653124988079071 0.676562488079071 0.6734374761581421 0.676562488079071 0.6734374761581421 0.6703125238418579 0.675000011920929 0.668749988079071 0.675000011920929 0.660937488079071 0.676562488079071 0.659375011920929 0.676562488079071 0.6499999761581421 0.6781250238418579 0.6484375 0.6781250238418579 0.643750011920929 0.6796875 0.6421874761581421 0.6796875 0.637499988079071 0.6812499761581421 0.635937511920929 0.6812499761581421 0.6328125 0.684374988079071 0.629687488079071 0.6890624761581421 0.629687488079071 0.6890624761581421 0.5796874761581421 0.684374988079071 0.5796874761581421 0.6812499761581421 0.5765625238418579 0.6812499761581421 0.574999988079071 0.6796875 0.573437511920929 0.6796875 0.5718749761581421 0.6781250238418579 0.5703125 0.6781250238418579 0.565625011920929 0.676562488079071 0.5640624761581421 0.676562488079071 0.5531250238418579
5 0.612500011920929 0.5406249761581421 0.612500011920929 0.559374988079071 0.6109374761581421 0.5609375238418579 0.6109374761581421 0.5625 0.6078125238418579 0.565625011920929 0.6031249761581421 0.565625011920929 0.6031249761581421 0.6171875 0.6078125238418579 0.6171875 0.6109374761581421 0.620312511920929 0.6109374761581421 0.628125011920929 0.612500011920929 0.629687488079071 0.612500011920929 0.6656249761581421 0.6109374761581421 0.667187511920929 0.6109374761581421 0.671875 0.612500011920929 0.6734374761581421 0.612500011920929 0.675000011920929 0.614062488079071 0.676562488079071 0.614062488079071 0.682812511920929 0.6171875 0.682812511920929 0.6171875 0.6781250238418579 0.6187499761581421 0.676562488079071 0.620312511920929 0.676562488079071 0.625 0.671875 0.625 0.653124988079071 0.6265624761581421 0.651562511920929 0.6265624761581421 0.645312488079071 0.628125011920929 0.643750011920929 0.6328125 0.643750011920929 0.6328125 0.5406249761581421
5 0.635937511920929 0.567187488079071 0.635937511920929 0.5687500238418579 0.6343749761581421 0.5703125 0.6343749761581421 0.5718749761581421 0.6328125 0.573437511920929 0.6312500238418579 0.573437511920929 0.6312500238418579 0.574999988079071 0.629687488079071 0.5765625238418579 0.629687488079071 0.590624988079071 0.6312500238418579 0.5921875238418579 0.6312500238418579 0.614062488079071 0.6328125 0.6156250238418579 0.6328125 0.6312500238418579 0.6312500238418579 0.6328125 0.6312500238418579 0.640625 0.629687488079071 0.6421874761581421 0.629687488079071 0.653124988079071 0.628125011920929 0.6546875238418579 0.628125011920929 0.65625 0.6265624761581421 0.6578124761581421 0.621874988079071 0.6578124761581421 0.621874988079071 0.682812511920929 0.635937511920929 0.682812511920929 0.635937511920929 0.6734374761581421 0.637499988079071 0.671875 0.637499988079071 0.667187511920929 0.6390625238418579 0.6656249761581421 0.6390625238418579 0.660937488079071 0.640625 0.659375011920929 0.640625 0.6468750238418579 0.6421874761581421 0.645312488079071 0.6421874761581421 0.640625 0.645312488079071 0.637499988079071 0.6468750238418579 0.637499988079071 0.6484375 0.6390625238418579 0.6484375 0.640625 0.6499999761581421 0.6421874761581421 0.6499999761581421 0.6499999761581421 0.651562511920929 0.651562511920929 0.651562511920929 0.6656249761581421 0.653124988079071 0.667187511920929 0.653124988079071 0.682812511920929 0.6640625 0.682812511920929 0.6640625 0.6421874761581421 0.6578124761581421 0.6421874761581421 0.65625 0.640625 0.65625 0.6265624761581421 0.6578124761581421 0.625 0.6578124761581421 0.6015625 0.659375011920929 0.6000000238418579 0.6640625 0.6000000238418579 0.6640625 0.5874999761581421 0.659375011920929 0.5874999761581421 0.6578124761581421 0.5859375 0.6578124761581421 0.582812488079071 0.65625 0.581250011920929 0.65625 0.578125 0.6546875238418579 0.5765625238418579 0.6546875238418579 0.574999988079071 0.6499999761581421 0.5703125 0.6484375 0.5703125 0.645312488079071 0.567187488079071 0.643750011920929 0.567187488079071 0.640625 0.5640624761581421 0.6390625238418579 0.5640624761581421 0.635937511920929 0.567187488079071 0.629687488079071 0.565625011920929 0.629687488079071 0.5531250238418579 0.621874988079071 0.5531250238418579 0.621874988079071 0.567187488079071 0.628125011920929 0.567187488079071 0.629687488079071 0.565625011920929