1 0.472266 0.552778 0.013281 0.033333
1 0.435938 0.545139 0.015625 0.020833
1 0.413672 0.547222 0.019531 0.030556
1 0.390234 0.550694 0.013281 0.020833
1 0.376953 0.549306 0.016406 0.026389
1 0.368750 0.554861 0.023438 0.037500
1 0.351562 0.565278 0.031250 0.038889
4 0.399219 0.481250 0.009375 0.023611
1 0.305469 0.626389 0.131250 0.158333
1 0.451953 0.570833 0.036719 0.052778
4 0.514844 0.529167 0.062500 0.150000
3 0.736328 0.547222 0.019531 0.063889
4 0.138281 0.500000 0.007812 0.025000
4 0.144531 0.498611 0.003125 0.016667
