0 0.497266 0.564583 0.013281 0.023611
4 0.365234 0.563889 0.005469 0.011111
4 0.373438 0.562500 0.004688 0.013889
4 0.369922 0.563194 0.003906 0.018056
0 0.545703 0.515972 0.010156 0.015278
0 0.535156 0.527778 0.021875 0.008333
1 0.390234 0.592361 0.007031 0.012500
1 0.397656 0.588889 0.003125 0.013889
1 0.401953 0.599306 0.014844 0.037500
4 0.433203 0.568750 0.038281 0.040278
1 0.429297 0.622222 0.061719 0.100000
4 0.150391 0.644444 0.067969 0.091667
1 0.042188 0.670139 0.084375 0.112500
1 0.230859 0.640972 0.096094 0.118056
1 0.464063 0.600000 0.010938 0.025000
1 0.475781 0.600694 0.020313 0.034722
1 0.494531 0.608333 0.034375 0.050000
1 0.514062 0.616667 0.032813 0.052778
1 0.533594 0.623611 0.023438 0.077778
1 0.561328 0.630556 0.067969 0.100000
1 0.631641 0.650694 0.132031 0.148611
1 0.887891 0.677083 0.221094 0.251389
0 0.100000 0.524306 0.020313 0.009722
0 0.112109 0.545833 0.024219 0.013889

5 0.34687501192092896 0.578125 0.34687501192092896 0.614062488079071 0.3578124940395355 0.614062488079071 0.3578124940395355 0.609375 0.359375 0.6078125238418579 0.36406248807907104 0.6078125238418579 0.36406248807907104 0.578125