1 0.437891 0.812500 0.002344 0.013889
1 0.336328 0.397917 0.033594 0.065278
1 0.203125 0.399306 0.073438 0.084722
1 0.149219 0.395139 0.082813 0.087500
1 0.530469 0.425694 0.079688 0.176389
1 0.258594 0.431250 0.118750 0.134722
1 0.398047 0.492361 0.166406 0.234722
1 0.091797 0.529167 0.182031 0.366667
4 0.769531 0.343056 0.456250 0.686111
4 0.292578 0.360417 0.053906 0.087500
4 0.049609 0.314583 0.097656 0.123611
4 0.392188 0.284722 0.009375 0.019444
4 0.487500 0.300000 0.010938 0.022222
4 0.465234 0.339583 0.010156 0.018056
0 0.232422 0.302778 0.013281 0.016667
4 0.422656 0.309028 0.007812 0.023611
4 0.344531 0.318750 0.009375 0.020833
