4 0.044922 0.043056 0.022656 0.080556
4 0.066797 0.047917 0.022656 0.095833
4 0.126562 0.206250 0.015625 0.054167
4 0.127344 0.265972 0.009375 0.045833
0 0.123828 0.320139 0.016406 0.020833
4 0.118750 0.352778 0.009375 0.025000
4 0.477734 0.349306 0.008594 0.015278
4 0.541797 0.262500 0.007031 0.041667
4 0.551563 0.263194 0.009375 0.043056
4 0.748438 0.177778 0.021875 0.102778
4 0.744922 0.046528 0.024219 0.090278
4 0.881641 0.127778 0.024219 0.072222
4 0.771484 0.287500 0.027344 0.044444
4 0.725781 0.143056 0.014063 0.058333
0 0.739063 0.226389 0.035938 0.063889
4 0.741016 0.292361 0.019531 0.037500
0 0.931250 0.315972 0.009375 0.043056
0 0.597266 0.325000 0.011719 0.008333
0 0.247266 0.338889 0.008594 0.022222
4 0.598828 0.363194 0.014844 0.020833
1 0.907813 0.434028 0.181250 0.143056
1 0.799609 0.411806 0.075781 0.068056
1 0.510156 0.406944 0.015625 0.019444
1 0.492188 0.411111 0.015625 0.011111
1 0.471875 0.410417 0.009375 0.029167
1 0.391797 0.417361 0.044531 0.068056
1 0.334766 0.434028 0.105469 0.134722
0 0.257422 0.369444 0.010156 0.025000
3 0.545312 0.411111 0.007812 0.036111
3 0.581250 0.403472 0.010938 0.037500
3 0.572266 0.414583 0.007031 0.054167
3 0.565234 0.413889 0.010156 0.050000
3 0.556250 0.419444 0.009375 0.052778
0 0.528516 0.381250 0.011719 0.020833
1 0.451953 0.400694 0.032031 0.076389
4 0.425391 0.392361 0.027344 0.068056
2 0.455078 0.406944 0.019531 0.027778
4 0.503125 0.351389 0.004688 0.022222
0 0.695703 0.349306 0.011719 0.034722
0 0.623828 0.327083 0.007031 0.043056
3 0.917188 0.431944 0.032813 0.141667
3 0.888281 0.447222 0.032813 0.186111
3 0.942969 0.470833 0.053125 0.208333
1 0.665234 0.538889 0.230469 0.350000
1 0.170703 0.538194 0.341406 0.337500

5 0.8828125 0.3531250059604645 0.8828125 0.3609375059604645 0.8812500238418579 0.36250001192092896 0.8812500238418579 0.3671875 0.8828125 0.3687500059604645 0.8828125 0.3765625059604645 0.8812500238418579 0.37812501192092896 0.8812500238418579 0.37968748807907104 0.878125011920929 0.3828125 0.878125011920929 0.3843750059604645 0.8765624761581421 0.38593751192092896 0.8765624761581421 0.38749998807907104 0.875 0.3890624940395355 0.875 0.39375001192092896 0.8734375238418579 0.39531248807907104 0.8734375238418579 0.4000000059604645 0.871874988079071 0.40156251192092896 0.871874988079071 0.4124999940395355 0.870312511920929 0.4140625 0.8656250238418579 0.4140625 0.8656250238418579 0.4156250059604645 0.870312511920929 0.4156250059604645 0.871874988079071 0.41718751192092896 0.871874988079071 0.4296875 0.8734375238418579 0.4312500059604645 0.8734375238418579 0.4390625059604645 0.871874988079071 0.44062501192092896 0.871874988079071 0.4468750059604645 0.870312511920929 0.44843751192092896 0.8656250238418579 0.44843751192092896 0.8656250238418579 0.4703125059604645 0.870312511920929 0.4703125059604645 0.871874988079071 0.47187501192092896 0.8734375238418579 0.47187501192092896 0.875 0.47343748807907104 0.879687488079071 0.47343748807907104 0.8812500238418579 0.4749999940395355 0.8843749761581421 0.4749999940395355 0.887499988079071 0.47187501192092896 0.8890625238418579 0.47187501192092896 0.890625 0.4703125059604645 0.8921874761581421 0.4703125059604645 0.8968750238418579 0.46562498807907104 0.8968750238418579 0.4609375 0.8984375 0.4593749940395355 0.8984375 0.4515624940395355 0.8999999761581421 0.44999998807907104 0.8999999761581421 0.41874998807907104 0.903124988079071 0.4156250059604645 0.9078124761581421 0.4156250059604645 0.9078124761581421 0.3968749940395355 0.903124988079071 0.3968749940395355 0.901562511920929 0.39531248807907104 0.901562511920929 0.39375001192092896 0.903124988079071 0.3921875059604645 0.9078124761581421 0.3921875059604645 0.9078124761581421 0.390625 0.903124988079071 0.390625 0.901562511920929 0.3890624940395355 0.901562511920929 0.3843750059604645 0.8999999761581421 0.3828125 0.8999999761581421 0.36250001192092896 0.8984375 0.3609375059604645 0.8984375 0.3531250059604645
5 0.965624988079071 0.535937488079071 0.9703124761581421 0.535937488079071 0.9703124761581421 0.53125 0.965624988079071 0.53125 0.965624988079071 0.535937488079071 0.9390624761581421 0.37187498807907104 0.9390624761581421 0.37812501192092896 0.940625011920929 0.37968748807907104 0.940625011920929 0.3812499940395355 0.9437500238418579 0.3843750059604645 0.9437500238418579 0.38593751192092896 0.9453125 0.38749998807907104 0.9468749761581421 0.38749998807907104 0.949999988079071 0.390625 0.9515625238418579 0.390625 0.953125 0.3921875059604645 0.953125 0.39375001192092896 0.956250011920929 0.3968749940395355 0.956250011920929 0.3984375 0.9593750238418579 0.40156251192092896 0.9593750238418579 0.4046874940395355 0.9609375 0.40625 0.9609375 0.41093748807907104 0.9624999761581421 0.4124999940395355 0.9624999761581421 0.4234375059604645 0.9609375 0.42500001192092896 0.9609375 0.4312500059604645 0.9593750238418579 0.43281251192092896 0.9593750238418579 0.43437498807907104 0.957812488079071 0.4359374940395355 0.957812488079071 0.4375 0.956250011920929 0.4390625059604645 0.956250011920929 0.4546875059604645 0.957812488079071 0.45625001192092896 0.957812488079071 0.4859375059604645 0.956250011920929 0.48750001192092896 0.956250011920929 0.4937500059604645 0.9546874761581421 0.49531251192092896 0.9546874761581421 0.5093749761581421 0.953125 0.510937511920929 0.953125 0.5171874761581421 0.9515625238418579 0.518750011920929 0.9515625238418579 0.53125 0.953125 0.5328124761581421 0.953125 0.535937488079071 0.9546874761581421 0.5375000238418579 0.9546874761581421 0.5531250238418579 0.956250011920929 0.5546875 0.956250011920929 0.5703125 0.9312499761581421 0.5703125 0.9312499761581421 0.565625011920929 0.926562488079071 0.5609375238418579 0.926562488079071 0.559374988079071 0.925000011920929 0.557812511920929 0.925000011920929 0.551562488079071 0.926562488079071 0.550000011920929 0.926562488079071 0.5453125238418579 0.9281250238418579 0.543749988079071 0.9281250238418579 0.542187511920929 0.9296875 0.5406249761581421 0.9296875 0.534375011920929 0.9312499761581421 0.5328124761581421 0.9312499761581421 0.5218750238418579 0.932812511920929 0.520312488079071 0.932812511920929 0.5140625238418579 0.9312499761581421 0.512499988079071 0.9312499761581421 0.5078125 0.9203125238418579 0.37187498807907104 0.9156249761581421 0.37187498807907104 0.9156249761581421 0.3765625059604645 0.9203125238418579 0.3765625059604645 0.9203125238418579 0.37187498807907104 0.9312499761581421 0.5078125 0.926562488079071 0.503125011920929 0.926562488079071 0.5 0.925000011920929 0.4984374940395355 0.925000011920929 0.49687498807907104 0.9234374761581421 0.49531251192092896 0.925000011920929 0.4937500059604645 0.925000011920929 0.4921875 0.926562488079071 0.4906249940395355 0.926562488079071 0.48906248807907104 0.9281250238418579 0.48750001192092896 0.9281250238418579 0.4859375059604645 0.9296875 0.484375 0.9296875 0.46406251192092896 0.9281250238418579 0.4625000059604645 0.9281250238418579 0.4593749940395355 0.926562488079071 0.45781248807907104 0.925000011920929 0.4593749940395355 0.9156249761581421 0.4593749940395355 0.9156249761581421 0.4437499940395355 0.921875 0.4437499940395355 0.9234374761581421 0.44218748807907104 0.9234374761581421 0.44062501192092896 0.925000011920929 0.4390625059604645 0.925000011920929 0.4375 0.926562488079071 0.4359374940395355 0.926562488079071 0.4312500059604645 0.9281250238418579 0.4296875 0.9281250238418579 0.42656248807907104 0.9296875 0.42500001192092896 0.9296875 0.41718751192092896 0.9312499761581421 0.4156250059604645 0.9312499761581421 0.41093748807907104 0.932812511920929 0.40937501192092896 0.932812511920929 0.40312498807907104 0.934374988079071 0.40156251192092896 0.934374988079071 0.3890624940395355 0.932812511920929 0.38749998807907104 0.932812511920929 0.37968748807907104 0.9312499761581421 0.37812501192092896 0.9312499761581421 0.37187498807907104 0.9390624761581421 0.37187498807907104
5 0.559374988079071 0.390625 0.559374988079071 0.4375 0.5687500238418579 0.4375 0.5703125 0.4359374940395355 0.5765625238418579 0.4359374940395355 0.5765625238418579 0.390625
5 0.9140625 0.3656249940395355 0.9140625 0.37187498807907104 0.9125000238418579 0.3734374940395355 0.9125000238418579 0.3765625059604645 0.910937488079071 0.37812501192092896 0.910937488079071 0.3812499940395355 0.909375011920929 0.3828125 0.909375011920929 0.3843750059604645 0.9078124761581421 0.38593751192092896 0.9078124761581421 0.38749998807907104 0.90625 0.3890624940395355 0.90625 0.39375001192092896 0.9046875238418579 0.39531248807907104 0.9046875238418579 0.40625 0.903124988079071 0.4078125059604645 0.903124988079071 0.41093748807907104 0.901562511920929 0.4124999940395355 0.8968750238418579 0.4124999940395355 0.8968750238418579 0.49531251192092896 0.925000011920929 0.49531251192092896 0.925000011920929 0.48906248807907104 0.926562488079071 0.48750001192092896 0.926562488079071 0.4859375059604645 0.9281250238418579 0.484375 0.9281250238418579 0.4703125059604645 0.926562488079071 0.46875 0.926562488079071 0.4593749940395355 0.925000011920929 0.45781248807907104 0.9234374761581421 0.45781248807907104 0.921875 0.45625001192092896 0.921875 0.44999998807907104 0.9234374761581421 0.44843751192092896 0.9234374761581421 0.4437499940395355 0.925000011920929 0.44218748807907104 0.925000011920929 0.4359374940395355 0.926562488079071 0.43437498807907104 0.926562488079071 0.4281249940395355 0.9281250238418579 0.42656248807907104 0.9281250238418579 0.4156250059604645 0.9296875 0.4140625 0.9296875 0.41093748807907104 0.9312499761581421 0.40937501192092896 0.9312499761581421 0.4078125059604645 0.932812511920929 0.40625 0.932812511920929 0.4046874940395355 0.934374988079071 0.40312498807907104 0.9390624761581421 0.40312498807907104 0.9390624761581421 0.3984375 0.934374988079071 0.3984375 0.932812511920929 0.3968749940395355 0.932812511920929 0.39531248807907104 0.9312499761581421 0.39375001192092896 0.9312499761581421 0.38593751192092896 0.932812511920929 0.3843750059604645 0.932812511920929 0.3812499940395355 0.934374988079071 0.37968748807907104 0.9390624761581421 0.37968748807907104 0.9390624761581421 0.375 0.934374988079071 0.375 0.932812511920929 0.3734374940395355 0.932812511920929 0.3656249940395355
5 0.9046875238418579 0.4937500059604645 0.903124988079071 0.4937500059604645 0.903124988079071 0.49687498807907104 0.9140625 0.49687498807907104 0.9140625 0.49531251192092896 0.90625 0.49531251192092896 0.9046875238418579 0.4937500059604645 0.9140625 0.4000000059604645 0.909375011920929 0.4000000059604645 0.901562511920929 0.4000000059604645 0.8999999761581421 0.3984375 0.8999999761581421 0.36250001192092896 0.8984375 0.3609375059604645 0.8984375 0.3531250059604645 0.8828125 0.3531250059604645 0.8828125 0.36406248807907104 0.8812500238418579 0.3656249940395355 0.8828125 0.3671875 0.8828125 0.3765625059604645 0.8812500238418579 0.37812501192092896 0.8812500238418579 0.37968748807907104 0.879687488079071 0.3812499940395355 0.879687488079071 0.3828125 0.878125011920929 0.3843750059604645 0.878125011920929 0.38593751192092896 0.8765624761581421 0.38749998807907104 0.8765624761581421 0.3890624940395355 0.875 0.390625 0.875 0.3968749940395355 0.8734375238418579 0.3984375 0.8734375238418579 0.4124999940395355 0.875 0.4140625 0.875 0.43437498807907104 0.8734375238418579 0.4359374940395355 0.8734375238418579 0.4468750059604645 0.871874988079071 0.44843751192092896 0.871874988079071 0.4515624940395355 0.870312511920929 0.453125 0.8656250238418579 0.453125 0.8656250238418579 0.4765625 0.870312511920929 0.4765625 0.871874988079071 0.4781250059604645 0.871874988079071 0.4828124940395355 0.8734375238418579 0.484375 0.8734375238418579 0.5015624761581421 0.875 0.503125011920929 0.875 0.515625 0.8734375238418579 0.5171874761581421 0.8734375238418579 0.5218750238418579 0.870312511920929 0.5249999761581421 0.8656250238418579 0.5249999761581421 0.8656250238418579 0.542187511920929 0.871874988079071 0.542187511920929 0.8734375238418579 0.543749988079071 0.8734375238418579 0.5453125238418579 0.8765624761581421 0.5484374761581421 0.8765624761581421 0.550000011920929 0.878125011920929 0.551562488079071 0.878125011920929 0.5562499761581421 0.879687488079071 0.557812511920929 0.879687488079071 0.5765625238418579 0.878125011920929 0.578125 0.878125011920929 0.5874999761581421 0.8765624761581421 0.589062511920929 0.8765624761581421 0.590624988079071 0.878125011920929 0.5921875238418579 0.878125011920929 0.6000000238418579 0.879687488079071 0.6015625 0.879687488079071 0.612500011920929 0.8812500238418579 0.614062488079071 0.8812500238418579 0.620312511920929 0.903124988079071 0.620312511920929 0.903124988079071 0.6109374761581421 0.9046875238418579 0.609375 0.9046875238418579 0.606249988079071 0.903124988079071 0.604687511920929 0.903124988079071 0.6000000238418579 0.9046875238418579 0.598437488079071 0.9046875238418579 0.589062511920929 0.903124988079071 0.5874999761581421 0.903124988079071 0.5687500238418579 0.901562511920929 0.567187488079071 0.901562511920929 0.550000011920929 0.8999999761581421 0.5484374761581421 0.8999999761581421 0.512499988079071 0.8984375 0.510937511920929 0.8984375 0.5093749761581421 0.8968750238418579 0.5093749761581421 0.895312488079071 0.5078125 0.887499988079071 0.5078125 0.885937511920929 0.5062500238418579 0.8843749761581421 0.5062500238418579 0.879687488079071 0.5015624761581421 0.879687488079071 0.48750001192092896 0.8828125 0.484375 0.8828125 0.4828124940395355 0.8843749761581421 0.48124998807907104 0.8843749761581421 0.47968751192092896 0.890625 0.47343748807907104 0.893750011920929 0.47343748807907104 0.895312488079071 0.47187501192092896 0.8968750238418579 0.47187501192092896 0.8968750238418579 0.4671874940395355 0.8984375 0.46562498807907104 0.8984375 0.4203124940395355 0.8999999761581421 0.41874998807907104 0.8999999761581421 0.4140625 0.901562511920929 0.4124999940395355 0.901562511920929 0.4000000059604645 0.909375011920929 0.4000000059604645 0.9078124761581421 0.3984375 0.9078124761581421 0.39531248807907104 0.9140625 0.39531248807907104 0.9140625 0.4000000059604645
5 0.546875 0.390625 0.546875 0.4453125 0.5640624761581421 0.4453125 0.5640624761581421 0.390625