0 0.219141 0.251389 0.032031 0.019444
0 0.216016 0.280556 0.021094 0.013889
0 0.200781 0.300694 0.031250 0.018056
0 0.221484 0.348611 0.022656 0.055556
4 0.197266 0.375694 0.022656 0.040278
4 0.377344 0.420833 0.009375 0.019444
4 0.365234 0.420139 0.011719 0.018056
4 0.376172 0.387500 0.019531 0.041667
4 0.573828 0.421528 0.010156 0.020833
4 0.768750 0.402083 0.007812 0.023611
4 0.789453 0.402083 0.011719 0.023611
4 0.775391 0.286806 0.027344 0.054167
0 0.773438 0.354167 0.020313 0.019444
0 0.716406 0.402083 0.010938 0.023611
0 0.538672 0.395139 0.013281 0.020833
0 0.560937 0.427778 0.018750 0.019444
4 0.991406 0.208333 0.015625 0.116667
4 0.630859 0.427083 0.067969 0.115278
4 0.567578 0.452083 0.025781 0.026389
1 0.567188 0.490972 0.025000 0.040278
1 0.517969 0.478472 0.076563 0.120833
1 0.636719 0.504167 0.084375 0.163889
1 0.407031 0.531944 0.140625 0.155556
