4 0.490625 0.370833 0.004688 0.019444
0 0.389844 0.390972 0.028125 0.026389
0 0.298047 0.342361 0.055469 0.051389
0 0.389844 0.365278 0.012500 0.008333
0 0.356250 0.354167 0.012500 0.013889
0 0.447656 0.372917 0.026563 0.009722
3 0.943359 0.470139 0.017969 0.073611
3 0.913672 0.470833 0.016406 0.072222
3 0.788281 0.454167 0.012500 0.030556
3 0.798828 0.458333 0.017969 0.052778
3 0.814844 0.476389 0.017188 0.083333
3 0.826172 0.475694 0.019531 0.084722
3 0.853516 0.482639 0.019531 0.079167
3 0.889063 0.472222 0.014063 0.061111
3 0.839453 0.481944 0.019531 0.091667
1 0.444141 0.472222 0.017969 0.030556
1 0.458594 0.472917 0.034375 0.079167
1 0.645703 0.463889 0.038281 0.038889
1 0.727734 0.522917 0.175781 0.184722
1 0.552344 0.541667 0.223438 0.283333
1 0.932031 0.575694 0.132812 0.206944
0 0.623828 0.365972 0.008594 0.015278
0 0.777344 0.393056 0.009375 0.019444
4 0.570312 0.356944 0.006250 0.022222
0 0.583984 0.361806 0.022656 0.009722

5 0.8343750238418579 0.4468750059604645 0.8343750238418579 0.526562511920929 0.8578125238418579 0.526562511920929 0.8578125238418579 0.5218750238418579 0.8531249761581421 0.5218750238418579 0.8500000238418579 0.518750011920929 0.8500000238418579 0.5171874761581421 0.848437488079071 0.515625 0.848437488079071 0.4859375059604645 0.8500000238418579 0.484375 0.8500000238418579 0.46875 0.848437488079071 0.4671874940395355 0.848437488079071 0.4609375 0.846875011920929 0.4593749940395355 0.846875011920929 0.45625001192092896 0.848437488079071 0.4546875059604645 0.848437488079071 0.4468750059604645
5 0.828125 0.4468750059604645 0.828125 0.5093749761581421 0.832812488079071 0.5093749761581421 0.8343750238418579 0.510937511920929 0.8343750238418579 0.512499988079071 0.8359375 0.5140625238418579 0.8359375 0.518750011920929 0.8374999761581421 0.520312488079071 0.8374999761581421 0.526562511920929 0.8515625 0.526562511920929 0.8515625 0.4468750059604645