0 0.619922 0.326389 0.011719 0.008333
4 0.538281 0.303472 0.004688 0.018056
4 0.430078 0.293056 0.005469 0.016667
4 0.435156 0.293750 0.004688 0.020833
4 0.425391 0.293750 0.007031 0.018056
4 0.542578 0.304861 0.005469 0.015278
4 0.533594 0.300694 0.004688 0.023611
1 0.482422 0.388889 0.022656 0.030556
1 0.625781 0.402778 0.026563 0.036111
1 0.646484 0.440278 0.047656 0.080556
4 0.460156 0.370139 0.028125 0.040278
4 0.600781 0.361806 0.057813 0.062500
4 0.419141 0.384028 0.030469 0.081944
4 0.355469 0.376389 0.110938 0.150000
1 0.268359 0.401389 0.119531 0.138889
1 0.553906 0.485417 0.168750 0.290278
4 0.069531 0.391667 0.139063 0.469444
4 0.854297 0.425694 0.288281 0.540278
