4 0.134766 0.402778 0.019531 0.027778
4 0.329688 0.379167 0.007812 0.019444
4 0.136328 0.269444 0.014844 0.033333
0 0.503516 0.374306 0.013281 0.023611
0 0.520703 0.291667 0.013281 0.025000
0 0.526172 0.319444 0.011719 0.025000
0 0.465625 0.379167 0.009375 0.019444
0 0.557422 0.377083 0.010156 0.023611
1 0.545703 0.397222 0.024219 0.030556
1 0.346484 0.422917 0.016406 0.020833
1 0.333984 0.426389 0.019531 0.019444
1 0.317578 0.429861 0.016406 0.034722
1 0.191016 0.459722 0.036719 0.061111
4 0.405859 0.409028 0.110156 0.237500
1 0.310938 0.456944 0.034375 0.088889
1 0.252344 0.468750 0.120313 0.159722
1 0.512500 0.563194 0.356250 0.312500
