0 0.326172 0.504167 0.014844 0.011111
4 0.523828 0.486806 0.003906 0.029167
4 0.528516 0.486806 0.005469 0.029167
4 0.397266 0.489583 0.003906 0.023611
4 0.401172 0.489583 0.003906 0.023611
1 0.425000 0.567361 0.021875 0.034722
1 0.436328 0.574306 0.013281 0.040278
1 0.453906 0.577083 0.029688 0.054167
1 0.573047 0.588889 0.013281 0.091667
1 0.601562 0.579167 0.059375 0.091667
1 0.660547 0.593750 0.097656 0.129167
1 0.737500 0.627083 0.132812 0.159722
1 0.895703 0.761111 0.207031 0.286111
1 0.545703 0.565972 0.013281 0.037500
1 0.504297 0.605556 0.096094 0.147222
1 0.400781 0.572917 0.026563 0.051389
1 0.340625 0.580556 0.029688 0.047222
3 0.092188 0.602778 0.010938 0.091667
3 0.081641 0.602083 0.010156 0.084722
3 0.071484 0.609028 0.014844 0.070833
3 0.062500 0.595833 0.014063 0.091667
3 0.044531 0.565278 0.010938 0.036111
3 0.042188 0.608333 0.015625 0.102778
3 0.024219 0.587500 0.012500 0.061111
4 0.211719 0.560417 0.228125 0.170833
1 0.016406 0.647222 0.032813 0.113889
2 0.362109 0.566667 0.008594 0.025000

5 0.0625 0.559374988079071 0.0625 0.567187488079071 0.06406249850988388 0.5687500238418579 0.06406249850988388 0.573437511920929 0.0625 0.574999988079071 0.0625 0.5796874761581421 0.06093750149011612 0.581250011920929 0.06093750149011612 0.5843750238418579 0.05781250074505806 0.5874999761581421 0.05312500149011612 0.5874999761581421 0.05312500149011612 0.6468750238418579 0.05937499925494194 0.6468750238418579 0.06093750149011612 0.6484375 0.06093750149011612 0.6499999761581421 0.06406249850988388 0.653124988079071 0.06406249850988388 0.6578124761581421 0.07343749701976776 0.6578124761581421 0.07343749701976776 0.651562511920929 0.07500000298023224 0.6499999761581421 0.07500000298023224 0.6312500238418579 0.07656250149011612 0.629687488079071 0.07656250149011612 0.628125011920929 0.078125 0.6265624761581421 0.08281250298023224 0.6265624761581421 0.08281250298023224 0.565625011920929 0.078125 0.565625011920929 0.07656250149011612 0.5640624761581421 0.07656250149011612 0.559374988079071
5 0.08437500149011612 0.5531250238418579 0.08437500149011612 0.559374988079071 0.08124999701976776 0.5625 0.08124999701976776 0.5640624761581421 0.07968749850988388 0.565625011920929 0.07968749850988388 0.5703125 0.078125 0.5718749761581421 0.078125 0.5796874761581421 0.07968749850988388 0.581250011920929 0.07968749850988388 0.6171875 0.078125 0.6187499761581421 0.078125 0.620312511920929 0.07656250149011612 0.621874988079071 0.07187499850988388 0.621874988079071 0.07187499850988388 0.651562511920929 0.09687499701976776 0.651562511920929 0.09687499701976776 0.6421874761581421 0.09843750298023224 0.640625 0.09843750298023224 0.612500011920929 0.10000000149011612 0.6109374761581421 0.10000000149011612 0.5921875238418579 0.09843750298023224 0.590624988079071 0.09843750298023224 0.5687500238418579 0.09687499701976776 0.567187488079071 0.09687499701976776 0.5531250238418579