4 0.643750 0.457639 0.007812 0.059722
4 0.407031 0.418750 0.014063 0.056944
4 0.425781 0.415278 0.012500 0.061111
4 0.212109 0.331944 0.024219 0.083333
4 0.049609 0.504167 0.022656 0.058333
0 0.053906 0.312500 0.042188 0.061111
4 0.539844 0.597222 0.006250 0.019444
4 0.474219 0.597917 0.007812 0.018056
4 0.015625 0.506250 0.029688 0.073611
0 0.299219 0.521528 0.029688 0.023611
4 0.292187 0.586806 0.010938 0.029167
4 0.279297 0.589583 0.016406 0.034722
1 0.652344 0.665972 0.054688 0.104167
3 0.419922 0.668056 0.016406 0.075000
1 0.405859 0.677778 0.019531 0.080556
1 0.436328 0.670833 0.016406 0.047222
1 0.476953 0.642361 0.021094 0.026389
1 0.457813 0.677778 0.045313 0.058333
1 0.516406 0.669444 0.053125 0.086111
1 0.380469 0.680556 0.070312 0.091667
1 0.586328 0.674306 0.096094 0.131944
1 0.820703 0.728472 0.357031 0.534722

5 0.1640625 0.707812488079071 0.16562500596046448 0.7093750238418579 0.17031249403953552 0.7093750238418579 0.17031249403953552 0.706250011920929 0.16562500596046448 0.706250011920929 0.1640625 0.707812488079071 0.14531250298023224 0.698437511920929 0.14374999701976776 0.6968749761581421 0.14374999701976776 0.6859375238418579 0.14531250298023224 0.684374988079071 0.14531250298023224 0.682812511920929 0.14687499403953552 0.6812499761581421 0.14687499403953552 0.6796875 0.1484375 0.6781250238418579 0.1484375 0.676562488079071 0.15000000596046448 0.675000011920929 0.15000000596046448 0.668749988079071 0.15312500298023224 0.6656249761581421 0.15625 0.6656249761581421 0.15781250596046448 0.667187511920929 0.15937499701976776 0.667187511920929 0.16093750298023224 0.668749988079071 0.16093750298023224 0.671875 0.16249999403953552 0.6734374761581421 0.16249999403953552 0.676562488079071 0.16562500596046448 0.6796875 0.17031249403953552 0.6796875 0.17031249403953552 0.659375011920929 0.11562500149011612 0.659375011920929 0.11562500149011612 0.682812511920929 0.12031249701976776 0.682812511920929 0.12187500298023224 0.684374988079071 0.12031249701976776 0.6859375238418579 0.11562500149011612 0.6859375238418579 0.11562500149011612 0.7265625 0.12031249701976776 0.7265625 0.12343750149011612 0.729687511920929 0.12343750149011612 0.731249988079071 0.125 0.7328125238418579 0.125 0.734375 0.12656250596046448 0.7359374761581421 0.12656250596046448 0.739062488079071 0.12968750298023224 0.7421875 0.12968750298023224 0.7437499761581421 0.13124999403953552 0.745312511920929 0.13124999403953552 0.746874988079071 0.1328125 0.7484375238418579 0.1328125 0.7515624761581421 0.13437500596046448 0.753125011920929 0.13437500596046448 0.754687488079071 0.13593749701976776 0.7562500238418579 0.13593749701976776 0.760937511920929 0.13750000298023224 0.762499988079071 0.13750000298023224 0.7828124761581421 0.15468749403953552 0.7828124761581421 0.15468749403953552 0.776562511920929 0.15937499701976776 0.7718750238418579 0.15937499701976776 0.762499988079071 0.16093750298023224 0.760937511920929 0.16093750298023224 0.7593749761581421 0.15937499701976776 0.7578125 0.15937499701976776 0.7515624761581421 0.15781250596046448 0.75 0.15781250596046448 0.7484375238418579 0.15625 0.746874988079071 0.15625 0.745312511920929 0.15468749403953552 0.7437499761581421 0.15468749403953552 0.7421875 0.15312500298023224 0.7406250238418579 0.15312500298023224 0.739062488079071 0.15156249701976776 0.737500011920929 0.15156249701976776 0.7359374761581421 0.15000000596046448 0.734375 0.15000000596046448 0.731249988079071 0.1484375 0.729687511920929 0.1484375 0.7250000238418579 0.14687499403953552 0.723437488079071 0.14687499403953552 0.7203124761581421 0.14531250298023224 0.71875 0.14531250298023224 0.698437511920929
5 0.11562500149011612 0.6656249761581421 0.11562500149011612 0.7265625 0.12031249701976776 0.7265625 0.12343750149011612 0.729687511920929 0.12343750149011612 0.731249988079071 0.125 0.7328125238418579 0.125 0.734375 0.12656250596046448 0.7359374761581421 0.12656250596046448 0.737500011920929 0.12812499701976776 0.739062488079071 0.12812499701976776 0.7406250238418579 0.13124999403953552 0.7437499761581421 0.13124999403953552 0.746874988079071 0.1328125 0.7484375238418579 0.1328125 0.75 0.13437500596046448 0.7515624761581421 0.13437500596046448 0.754687488079071 0.13593749701976776 0.7562500238418579 0.13593749701976776 0.7593749761581421 0.13750000298023224 0.760937511920929 0.13750000298023224 0.770312488079071 0.13906249403953552 0.7718750238418579 0.13906249403953552 0.7828124761581421 0.15156249701976776 0.7828124761581421 0.15156249701976776 0.7250000238418579 0.14687499403953552 0.7250000238418579 0.14531250298023224 0.723437488079071 0.14531250298023224 0.7203124761581421 0.14374999701976776 0.71875 0.14374999701976776 0.6953125 0.14218750596046448 0.6937500238418579 0.14218750596046448 0.682812511920929 0.14374999701976776 0.6812499761581421 0.14374999701976776 0.6781250238418579 0.14687499403953552 0.675000011920929 0.15156249701976776 0.675000011920929 0.15156249701976776 0.6656249761581421