1 0.421094 0.511111 0.028125 0.027778
1 0.298047 0.525694 0.075781 0.084722
1 0.253516 0.514583 0.024219 0.037500
1 0.187500 0.533333 0.150000 0.138889
1 0.484766 0.504167 0.011719 0.030556
1 0.449609 0.509722 0.030469 0.050000
1 0.352734 0.518056 0.046094 0.050000
1 0.593359 0.572917 0.250781 0.343056
1 0.061328 0.545139 0.121094 0.254167
1 0.891016 0.729861 0.216406 0.237500
3 0.813281 0.477778 0.079688 0.247222
3 0.862891 0.483333 0.041406 0.241667
3 0.734375 0.488194 0.042188 0.206944
3 0.781250 0.486806 0.070312 0.245833
0 0.641797 0.343750 0.019531 0.079167
0 0.155859 0.287500 0.035156 0.091667

5 0.7953125238418579 0.3656249940395355 0.7953125238418579 0.37187498807907104 0.7984374761581421 0.375 0.7984374761581421 0.3765625059604645 0.800000011920929 0.37812501192092896 0.800000011920929 0.37968748807907104 0.801562488079071 0.3812499940395355 0.801562488079071 0.38593751192092896 0.8031250238418579 0.38749998807907104 0.8031250238418579 0.40156251192092896 0.801562488079071 0.40312498807907104 0.801562488079071 0.40625 0.800000011920929 0.4078125059604645 0.800000011920929 0.4140625 0.7984374761581421 0.4156250059604645 0.7984374761581421 0.4203124940395355 0.796875 0.421875 0.796875 0.42500001192092896 0.7953125238418579 0.42656248807907104 0.7953125238418579 0.4281249940395355 0.793749988079071 0.4296875 0.793749988079071 0.43281251192092896 0.792187511920929 0.43437498807907104 0.792187511920929 0.4359374940395355 0.7890625 0.4390625059604645 0.7890625 0.44062501192092896 0.7875000238418579 0.44218748807907104 0.7875000238418579 0.4437499940395355 0.7828124761581421 0.44843751192092896 0.778124988079071 0.44843751192092896 0.778124988079071 0.4781250059604645 0.7828124761581421 0.4781250059604645 0.785937488079071 0.48124998807907104 0.785937488079071 0.4828124940395355 0.7875000238418579 0.484375 0.7875000238418579 0.4906249940395355 0.7890625 0.4921875 0.7890625 0.49687498807907104 0.7906249761581421 0.4984374940395355 0.7906249761581421 0.5015624761581421 0.792187511920929 0.503125011920929 0.792187511920929 0.5062500238418579 0.793749988079071 0.5078125 0.793749988079071 0.510937511920929 0.7953125238418579 0.512499988079071 0.7953125238418579 0.515625 0.796875 0.5171874761581421 0.796875 0.520312488079071 0.7984374761581421 0.5218750238418579 0.7984374761581421 0.526562511920929 0.800000011920929 0.528124988079071 0.800000011920929 0.5484374761581421 0.7984374761581421 0.550000011920929 0.7984374761581421 0.551562488079071 0.792187511920929 0.557812511920929 0.792187511920929 0.5609375238418579 0.793749988079071 0.5625 0.793749988079071 0.574999988079071 0.7953125238418579 0.5765625238418579 0.7953125238418579 0.6015625 0.796875 0.6031249761581421 0.796875 0.606249988079071 0.7984374761581421 0.6078125238418579 0.7984374761581421 0.614062488079071 0.832812488079071 0.614062488079071 0.832812488079071 0.609375 0.8343750238418579 0.6078125238418579 0.8343750238418579 0.5921875238418579 0.832812488079071 0.590624988079071 0.832812488079071 0.5859375 0.8343750238418579 0.5843750238418579 0.8343750238418579 0.5687500238418579 0.8359375 0.567187488079071 0.8359375 0.5390625 0.8374999761581421 0.5375000238418579 0.8374999761581421 0.526562511920929 0.839062511920929 0.5249999761581421 0.839062511920929 0.518750011920929 0.840624988079071 0.5171874761581421 0.840624988079071 0.504687488079071 0.8421875238418579 0.503125011920929 0.8421875238418579 0.49531251192092896 0.84375 0.4937500059604645 0.84375 0.4781250059604645 0.8453124761581421 0.4765625 0.8453124761581421 0.47343748807907104 0.846875011920929 0.47187501192092896 0.8515625 0.47187501192092896 0.8515625 0.41874998807907104 0.846875011920929 0.41874998807907104 0.8453124761581421 0.41718751192092896 0.8453124761581421 0.4156250059604645 0.84375 0.4140625 0.84375 0.40937501192092896 0.8421875238418579 0.4078125059604645 0.8421875238418579 0.3984375 0.840624988079071 0.3968749940395355 0.840624988079071 0.390625 0.839062511920929 0.3890624940395355 0.839062511920929 0.38749998807907104 0.8374999761581421 0.38593751192092896 0.8374999761581421 0.3828125 0.8359375 0.3812499940395355 0.8359375 0.3765625059604645 0.8343750238418579 0.375 0.8343750238418579 0.3656249940395355