0 0.337500 0.356250 0.021875 0.009722
0 0.353516 0.350694 0.008594 0.018056
4 0.373438 0.350694 0.004688 0.015278
4 0.384375 0.381250 0.004688 0.018056
4 0.405469 0.365278 0.003125 0.013889
4 0.430469 0.356944 0.004688 0.011111
4 0.511328 0.319444 0.007031 0.022222
3 0.590234 0.431250 0.008594 0.056944
3 0.573438 0.421528 0.009375 0.040278
3 0.676563 0.429861 0.014063 0.065278
3 0.660547 0.443750 0.017969 0.081944
3 0.700781 0.427778 0.012500 0.072222
3 0.695312 0.432639 0.015625 0.070833
3 0.711328 0.436806 0.019531 0.076389
3 0.139844 0.461806 0.017188 0.084722
1 0.451953 0.395833 0.016406 0.036111
1 0.442188 0.401389 0.015625 0.036111
1 0.429297 0.409722 0.028906 0.044444
1 0.421875 0.422222 0.028125 0.058333
1 0.252344 0.472917 0.179688 0.226389
1 0.391016 0.436111 0.066406 0.094444
1 0.514844 0.425694 0.115625 0.195833
3 0.323828 0.404861 0.005469 0.020833
3 0.317578 0.402083 0.007031 0.026389
1 0.346875 0.432639 0.025000 0.020833
1 0.060938 0.483333 0.121875 0.158333
4 0.860547 0.377778 0.275781 0.522222

5 0.6468750238418579 0.40312498807907104 0.6468750238418579 0.44843751192092896 0.653124988079071 0.44843751192092896 0.6546875238418579 0.44999998807907104 0.65625 0.44999998807907104 0.6578124761581421 0.4515624940395355 0.6578124761581421 0.45781248807907104 0.6703125238418579 0.45781248807907104 0.6703125238418579 0.4124999940395355 0.6656249761581421 0.4124999940395355 0.6640625 0.41093748807907104 0.6640625 0.40312498807907104
5 0.684374988079071 0.3968749940395355 0.684374988079071 0.4703125059604645 0.6968749761581421 0.4703125059604645 0.6968749761581421 0.4625000059604645 0.699999988079071 0.4593749940395355 0.699999988079071 0.45625001192092896 0.7015625238418579 0.4546875059604645 0.7015625238418579 0.44062501192092896 0.703125 0.4390625059604645 0.707812488079071 0.4390625059604645 0.707812488079071 0.3968749940395355
5 0.65625 0.3968749940395355 0.65625 0.40156251192092896 0.6546875238418579 0.40312498807907104 0.6546875238418579 0.4046874940395355 0.653124988079071 0.40625 0.6468750238418579 0.40625 0.6468750238418579 0.44843751192092896 0.653124988079071 0.44843751192092896 0.65625 0.4515624940395355 0.65625 0.453125 0.6578124761581421 0.4546875059604645 0.6578124761581421 0.4625000059604645 0.65625 0.46406251192092896 0.65625 0.4703125059604645 0.6703125238418579 0.4703125059604645 0.6703125238418579 0.3968749940395355