1 0.650391 0.627778 0.021094 0.016667
1 0.605078 0.630556 0.053906 0.088889
1 0.606641 0.659028 0.044531 0.106944
1 0.584375 0.658333 0.078125 0.100000
1 0.687109 0.632639 0.011719 0.026389
1 0.694141 0.635417 0.014844 0.031944
1 0.698828 0.637500 0.008594 0.022222
1 0.705078 0.637500 0.013281 0.030556
1 0.716797 0.638889 0.021094 0.036111
1 0.743359 0.626389 0.039844 0.069444
1 0.750391 0.645139 0.025781 0.040278
1 0.760938 0.641667 0.014063 0.044444
1 0.780469 0.640278 0.032813 0.069444
1 0.812109 0.643750 0.057031 0.070833
1 0.854688 0.661111 0.059375 0.066667
1 0.908984 0.663889 0.078906 0.083333
1 0.958203 0.679167 0.082031 0.105556
1 0.636719 0.631250 0.014063 0.023611
1 0.669922 0.638194 0.025781 0.031944
0 0.457422 0.438194 0.014844 0.037500

5 0.831250011920929 0.6343749761581421 0.831250011920929 0.6468750238418579 0.8265625238418579 0.651562511920929 0.8218749761581421 0.651562511920929 0.8218749761581421 0.6890624761581421 0.8421875238418579 0.6890624761581421 0.8421875238418579 0.676562488079071 0.84375 0.675000011920929 0.84375 0.6703125238418579 0.846875011920929 0.667187511920929 0.8515625 0.667187511920929 0.8515625 0.6343749761581421