1 0.348438 0.536806 0.046875 0.068056
1 0.294531 0.577083 0.104688 0.154167
1 0.047266 0.586111 0.094531 0.130556
1 0.162891 0.655556 0.280469 0.263889
1 0.482422 0.525000 0.039844 0.013889
1 0.474609 0.534028 0.058594 0.009722
1 0.510547 0.720139 0.255469 0.373611
1 0.091797 0.871528 0.183594 0.248611
4 0.476172 0.463889 0.007031 0.027778
4 0.343750 0.467361 0.006250 0.023611
0 0.264844 0.468056 0.009375 0.013889
0 0.521875 0.370139 0.032813 0.015278
0 0.523438 0.417361 0.007812 0.023611
0 0.521875 0.452778 0.009375 0.033333
3 0.174219 0.518750 0.012500 0.020833
3 0.501172 0.518750 0.010156 0.020833
3 0.513672 0.522222 0.016406 0.027778
3 0.528906 0.523611 0.012500 0.025000
3 0.657422 0.522917 0.010156 0.062500
0 0.471875 0.484028 0.009375 0.026389
