4 0.070312 0.461806 0.018750 0.048611
1 0.167578 0.588889 0.108594 0.091667
1 0.279297 0.589583 0.058594 0.056944
1 0.321875 0.585417 0.039062 0.056944
0 0.358594 0.554167 0.012500 0.022222
1 0.502734 0.493750 0.277344 0.612500
4 0.645703 0.488194 0.019531 0.034722
4 0.666406 0.431250 0.010938 0.043056
4 0.776953 0.197222 0.028906 0.136111
4 0.796484 0.403472 0.030469 0.048611
4 0.742969 0.392361 0.028125 0.062500
4 0.692188 0.160417 0.021875 0.076389
4 0.735938 0.213194 0.032813 0.176389
0 0.791797 0.112500 0.017969 0.044444
0 0.367578 0.556250 0.013281 0.023611
